ESP32 treadmill UART sniffer -- frame-sniffer v1.0.0
ESP-IDF target: ESP32
UART1 RX: GPIO26 (CON->BASE), 1200 8N2
UART2 RX: GPIO27 (BASE->CON), 1200 8N2
TX: disabled / not routed
Output: <timestamp_us> <direction> OK <hex bytes...>
        <timestamp_us> <direction> MANGLED <reason> <hex bytes...>
Errors: <timestamp_us> <direction> ERROR <reason>

000000034035 CON->BASE ERROR BREAK
000000037167 BASE->CON ERROR BREAK
000005030864 CON->BASE MANGLED stray_bytes 00
000005257530 CON->BASE OK 68 08 20 00 00 00 00 14 3C 43
000005437544 CON->BASE OK 68 08 20 00 00 00 00 14 3C 43
000005025200 BASE->CON MANGLED stray_bytes 00
000005478392 BASE->CON OK 68 0C A0 00 00 00 00 9E 00 00 00 00 4A 43
000005698390 BASE->CON OK 68 0C A0 00 00 00 00 9F 00 00 00 00 4B 43
000005918387 BASE->CON OK 68 0C A0 00 00 00 00 9F 00 00 00 00 4B 43
000006138385 BASE->CON OK 68 0C A0 00 00 00 00 9E 00 00 00 00 4A 43
000006358383 BASE->CON OK 68 0C A0 00 00 00 00 9F 00 00 00 00 4B 43
000006510878 CON->BASE OK 68 08 20 00 00 00 00 14 3C 43
000006511282 CON->BASE OK 68 08 20 00 00 00 00 14 3C 43
000006511655 CON->BASE OK 68 08 20 00 00 00 00 14 3C 43
000006514931 CON->BASE OK 68 08 20 00 00 00 00 14 3C 43
000006519879 CON->BASE OK 68 08 20 00 00 00 00 14 3C 43
000006524827 CON->BASE OK 68 08 20 00 00 00 00 14 3C 43
000006578381 BASE->CON OK 68 0C A0 00 00 00 00 9E 00 00 00 00 4A 43
000006690865 CON->BASE OK 68 08 20 00 00 00 00 14 3C 43
000006798379 BASE->CON OK 68 0C A0 00 00 00 00 9E 00 00 00 00 4A 43
000007018376 BASE->CON OK 68 0C A0 00 00 00 00 9E 00 00 00 00 4A 43
000007231708 BASE->CON OK 68 0C A0 00 00 00 00 9E 00 00 00 00 4A 43
000007451709 BASE->CON OK 68 0C A0 00 00 00 00 9E 00 00 00 00 4A 43
000007671703 BASE->CON OK 68 0C A0 00 00 00 00 9E 00 00 00 00 4A 43
000007764199 CON->BASE OK 68 08 20 00 00 00 00 14 3C 43
000007764607 CON->BASE OK 68 08 20 00 00 00 00 14 3C 43
000007764976 CON->BASE OK 68 08 20 00 00 00 00 14 3C 43
000007768256 CON->BASE OK 68 08 20 00 00 00 00 14 3C 43
000007773212 CON->BASE OK 68 08 20 00 00 00 00 14 3C 43
000007778152 CON->BASE OK 68 08 20 00 00 00 00 14 3C 43
000007891701 BASE->CON OK 68 0C A0 00 00 00 00 9E 00 00 00 00 4A 43
000007944186 CON->BASE OK 68 08 20 00 00 00 00 14 3C 43
000008111699 BASE->CON OK 68 0C A0 00 00 00 00 9F 00 00 00 00 4B 43
000008331697 BASE->CON OK 68 0C A0 00 00 00 00 9E 00 00 00 00 4A 43
000008551694 BASE->CON OK 68 0C A0 00 00 00 00 9E 00 00 00 00 4A 43
000008771692 BASE->CON OK 68 0C A0 00 00 00 00 9E 00 00 00 00 4A 43
000008991690 BASE->CON OK 68 0C A0 00 00 00 00 9E 00 00 00 00 4A 43
000009017519 CON->BASE OK 68 08 20 00 00 00 00 14 3C 43
000009017924 CON->BASE OK 68 08 20 00 00 00 00 14 3C 43
000009018296 CON->BASE OK 68 08 20 00 00 00 00 14 3C 43
000009021572 CON->BASE OK 68 08 20 00 00 00 00 14 3C 43
000009026520 CON->BASE OK 68 08 20 00 00 00 00 14 3C 43
000009031468 CON->BASE OK 68 08 20 00 00 00 00 14 3C 43
000009197507 CON->BASE OK 68 08 20 00 00 00 00 14 3C 43
000009211688 BASE->CON OK 68 0C A0 00 00 00 00 9E 00 00 00 00 4A 43
000009431686 BASE->CON OK 68 0C A0 00 00 00 00 9E 00 00 00 00 4A 43
000009651683 BASE->CON OK 68 0C A0 00 00 00 00 9E 00 00 00 00 4A 43
000009871681 BASE->CON OK 68 0C A0 00 00 00 00 9E 00 00 00 00 4A 43
000010091679 BASE->CON OK 68 0C A0 00 00 00 00 9E 00 00 00 00 4A 43
000010270840 CON->BASE OK 68 08 20 00 00 00 00 14 3C 43
000010271246 CON->BASE OK 68 08 20 00 00 00 00 14 3C 43
000010271619 CON->BASE OK 68 08 20 00 00 00 00 14 3C 43
000010274894 CON->BASE OK 68 08 20 00 00 00 00 14 3C 43
000010279842 CON->BASE OK 68 08 20 00 00 00 00 14 3C 43
000010284790 CON->BASE OK 68 08 20 00 00 00 00 14 3C 43
000010311677 BASE->CON OK 68 0C A0 00 00 00 00 9E 00 00 00 00 4A 43
000010450827 CON->BASE OK 68 08 20 00 00 00 00 14 3C 43
000010531675 BASE->CON OK 68 0C A0 00 00 00 00 9E 00 00 00 00 4A 43
000010751672 BASE->CON OK 68 0C A0 00 00 00 00 9E 00 00 00 00 4A 43
000010971670 BASE->CON OK 68 0C A0 00 00 00 00 9E 00 00 00 00 4A 43
000011191668 BASE->CON OK 68 0C A0 00 00 00 00 9E 00 00 00 00 4A 43
000011411666 BASE->CON OK 68 0C A0 00 00 00 00 9E 00 00 00 00 4A 43
000011524161 CON->BASE OK 68 08 20 00 00 00 00 14 3C 43
000011524570 CON->BASE OK 68 08 20 00 00 00 00 14 3C 43
000011524940 CON->BASE OK 68 08 20 00 00 00 00 14 3C 43
000011528219 CON->BASE OK 68 08 20 00 00 00 00 14 3C 43
000011533167 CON->BASE OK 68 08 20 00 00 00 00 14 3C 43
000011538115 CON->BASE OK 68 08 20 00 00 00 00 14 3C 43
000011631664 BASE->CON OK 68 0C A0 00 00 00 00 9E 00 00 00 00 4A 43
000011704148 CON->BASE OK 68 08 20 00 00 00 00 14 3C 43
000011851661 BASE->CON OK 68 0C A0 00 00 00 00 9E 00 01 00 00 4B 43
000012071659 BASE->CON OK 68 0C A0 00 00 00 00 9E 00 00 00 00 4A 43
000012291657 BASE->CON OK 68 0C A0 00 00 00 00 9E 00 00 00 00 4A 43
000012511655 BASE->CON OK 68 0C A0 00 00 00 00 9E 00 00 00 00 4A 43
000012731653 BASE->CON OK 68 0C A0 00 00 00 00 9E 00 00 00 00 4A 43
000012777482 CON->BASE OK 68 08 20 00 00 00 00 14 3C 43
000012777887 CON->BASE OK 68 08 20 00 00 00 00 14 3C 43
000012778261 CON->BASE OK 68 08 20 00 00 00 00 14 3C 43
000012781536 CON->BASE OK 68 08 20 00 00 00 00 14 3C 43
000012786484 CON->BASE OK 68 08 20 00 00 00 00 14 3C 43
000012791432 CON->BASE OK 68 08 20 00 00 00 00 14 3C 43
000012951650 BASE->CON OK 68 0C A0 00 00 00 00 9E 00 00 00 00 4A 43
000012957469 CON->BASE OK 68 08 20 00 00 00 00 14 3C 43
000013171648 BASE->CON OK 68 0C A0 00 00 00 00 9E 00 00 00 00 4A 43
000013391646 BASE->CON OK 68 0C A0 00 00 00 00 9F 00 00 00 00 4B 43
000013611644 BASE->CON OK 68 0C A0 00 00 00 00 9E 00 00 00 00 4A 43
000013831642 BASE->CON OK 68 0C A0 00 00 00 00 9E 00 00 00 00 4A 43
000014030803 CON->BASE OK 68 08 20 00 00 00 00 14 3C 43
000014031208 CON->BASE OK 68 08 20 00 00 00 00 14 3C 43
000014031582 CON->BASE OK 68 08 20 00 00 00 00 14 3C 43
000014034857 CON->BASE OK 68 08 20 00 00 00 00 14 3C 43
000014039805 CON->BASE OK 68 08 20 00 00 00 00 14 3C 43
000014044752 CON->BASE OK 68 08 20 00 00 00 00 14 3C 43
000014051639 BASE->CON OK 68 0C A0 00 00 00 00 9E 00 00 00 00 4A 43
000014210790 CON->BASE OK 68 08 20 00 00 00 00 14 3C 43
000014271637 BASE->CON OK 68 0C A0 00 00 00 00 9E 00 00 00 00 4A 43
000014491635 BASE->CON OK 68 0C A0 00 00 00 00 9E 00 00 00 00 4A 43
000014711633 BASE->CON OK 68 0C A0 00 00 00 00 9E 00 00 00 00 4A 43
000014931631 BASE->CON OK 68 0C A0 00 00 00 00 9E 00 00 00 00 4A 43
000015151628 BASE->CON OK 68 0C A0 00 00 00 00 9E 00 00 00 00 4A 43
000015284124 CON->BASE OK 68 08 20 00 00 00 00 14 3C 43
000015284533 CON->BASE OK 68 08 20 00 00 00 00 14 3C 43
000015284902 CON->BASE OK 68 08 20 00 00 00 00 14 3C 43
000015288182 CON->BASE OK 68 08 20 00 00 00 00 14 3C 43
000015293129 CON->BASE OK 68 08 20 00 00 00 00 14 3C 43
000015298077 CON->BASE OK 68 08 20 00 00 00 00 14 3C 43
000015371626 BASE->CON OK 68 0C A0 00 00 00 00 9E 00 00 00 00 4A 43
000015584957 BASE->CON OK 68 0C A0 00 00 00 00 9E 00 00 00 00 4A 43
000015804955 BASE->CON OK 68 0C A0 00 00 00 00 9E 00 00 00 00 4A 43
000016024953 BASE->CON OK 68 0C A0 00 00 00 00 9E 00 00 00 00 4A 43
000016244951 BASE->CON OK 68 0C A0 00 00 00 00 9E 00 00 00 00 4A 43
000016357446 CON->BASE OK 68 08 20 00 00 00 00 14 3C 43
000016357851 CON->BASE OK 68 08 20 00 00 00 00 14 3C 43
000016358225 CON->BASE OK 68 08 20 00 00 00 00 14 3C 43
000016361500 CON->BASE OK 68 08 20 00 00 00 00 14 3C 43
000016366448 CON->BASE OK 68 08 20 00 00 00 00 14 3C 43
000016371396 CON->BASE OK 68 08 20 00 00 00 00 14 3C 43
000016464949 BASE->CON OK 68 0C A0 00 00 00 00 9E 00 00 00 00 4A 43
000016537433 CON->BASE OK 68 08 20 00 00 00 00 14 3C 43
000016684946 BASE->CON OK 68 0C A0 00 00 00 00 9E 00 00 00 00 4A 43
000016904944 BASE->CON OK 68 0C A0 00 00 00 00 9E 00 00 00 00 4A 43
000017124942 BASE->CON OK 68 0C A0 00 00 00 00 9E 00 00 00 00 4A 43
000017344940 BASE->CON OK 68 0C A0 00 00 00 00 9E 00 00 00 00 4A 43
000017564938 BASE->CON OK 68 0C A0 00 00 00 00 9E 00 00 00 00 4A 43
000017610767 CON->BASE OK 68 08 20 00 00 00 00 14 3C 43
000017611176 CON->BASE OK 68 08 20 00 00 00 00 14 3C 43
000017611546 CON->BASE OK 68 08 20 00 00 00 00 14 3C 43
000017614825 CON->BASE OK 68 08 20 00 00 00 00 14 3C 43
000017619773 CON->BASE OK 68 08 20 00 00 00 00 14 3C 43
000017624721 CON->BASE OK 68 08 20 00 00 00 00 14 3C 43
000017784935 BASE->CON OK 68 0C A0 00 00 00 00 9E 00 00 00 00 4A 43
000017790754 CON->BASE OK 68 08 20 00 00 00 00 14 3C 43
000018004933 BASE->CON OK 68 0C A0 00 00 00 00 9E 00 00 00 00 4A 43
000018224931 BASE->CON OK 68 0C A0 00 00 00 00 9E 00 00 00 00 4A 43
000018444929 BASE->CON OK 68 0C A0 00 00 00 00 9E 00 00 00 00 4A 43
000018664927 BASE->CON OK 68 0C A0 00 00 00 00 9E 00 00 00 00 4A 43
000018864088 CON->BASE OK 68 08 20 00 00 00 00 14 3C 43
000018864497 CON->BASE OK 68 08 20 00 00 00 00 14 3C 43
000018864867 CON->BASE OK 68 08 20 00 00 00 00 14 3C 43
000018868146 CON->BASE OK 68 08 20 00 00 00 00 14 3C 43
000018873094 CON->BASE OK 68 08 20 00 00 00 00 14 3C 43
000018878042 CON->BASE OK 68 08 20 00 00 00 00 14 3C 43
000018884924 BASE->CON OK 68 0C A0 00 00 00 00 9E 00 00 00 00 4A 43
000019044075 CON->BASE OK 68 08 20 00 00 00 00 14 3C 43
000019104922 BASE->CON OK 68 0C A0 00 00 00 00 9E 00 00 00 00 4A 43
000019324920 BASE->CON OK 68 0C A0 00 00 00 00 9E 00 00 00 00 4A 43
000019544918 BASE->CON OK 68 0C A0 00 00 00 00 9E 00 00 00 00 4A 43
000019764916 BASE->CON OK 68 0C A0 00 00 00 00 9E 00 00 00 00 4A 43
000019984913 BASE->CON OK 68 0C A0 00 00 00 00 9E 00 00 00 00 4A 43
000020117408 CON->BASE OK 68 08 20 00 00 00 00 14 3C 43
000020117814 CON->BASE OK 68 08 20 00 00 00 00 14 3C 43
000020118187 CON->BASE OK 68 08 20 00 00 00 00 14 3C 43
000020121462 CON->BASE OK 68 08 20 00 00 00 00 14 3C 43
000020126410 CON->BASE OK 68 08 20 00 00 00 00 14 3C 43
000020131358 CON->BASE OK 68 08 20 00 00 00 00 14 3C 43
000020204911 BASE->CON OK 68 0C A0 00 00 00 00 9E 00 00 00 00 4A 43
000020297396 CON->BASE OK 68 08 20 00 00 00 00 14 3C 43
000020424909 BASE->CON OK 68 0C A0 00 00 00 00 9E 00 00 00 00 4A 43
000020644907 BASE->CON OK 68 0C A0 00 00 00 00 9E 00 00 00 00 4A 43
000020864905 BASE->CON OK 68 0C A0 00 00 00 00 9E 00 00 00 00 4A 43
000021084902 BASE->CON OK 68 0C A0 00 00 00 00 9E 00 00 00 00 4A 43
000021304900 BASE->CON OK 68 0C A0 00 00 00 00 9E 00 00 00 00 4A 43
000021370729 CON->BASE OK 68 08 20 00 00 00 00 14 3C 43
000021371139 CON->BASE OK 68 08 20 00 00 00 00 14 3C 43
000021371508 CON->BASE OK 68 08 20 00 00 00 00 14 3C 43
000021374787 CON->BASE OK 68 08 20 00 00 00 00 14 3C 43
000021379735 CON->BASE OK 68 08 20 00 00 00 00 14 3C 43
000021384683 CON->BASE OK 68 08 20 00 00 00 00 14 3C 43
000021524898 BASE->CON OK 68 0C A0 00 00 00 00 9E 00 00 00 00 4A 43
000021550716 CON->BASE OK 68 08 20 00 00 00 00 14 3C 43
000021744896 BASE->CON OK 68 0C A0 00 00 00 00 9E 00 00 00 00 4A 43
000021964894 BASE->CON OK 68 0C A0 00 00 00 00 9E 00 00 00 00 4A 43
000022184891 BASE->CON OK 68 0C A0 00 00 00 00 9E 00 00 00 00 4A 43
000022404889 BASE->CON OK 68 0C A0 00 00 00 00 9E 00 00 00 00 4A 43
000022624050 CON->BASE OK 68 08 20 00 00 00 00 14 3C 43
000022624459 CON->BASE OK 68 08 20 00 00 00 00 14 3C 43
000022624829 CON->BASE OK 68 08 20 00 00 00 00 14 3C 43
000022624992 BASE->CON OK 68 0C A0 00 00 00 00 9E 00 00 00 00 4A 43
000022628117 CON->BASE OK 68 08 20 00 00 00 00 14 3C 43
000022639045 CON->BASE OK 68 08 20 00 00 00 00 14 3C 43
000022643993 CON->BASE OK 68 08 20 00 00 00 00 14 3C 43
000022804037 CON->BASE OK 68 08 20 00 00 00 00 14 3C 43
000022844885 BASE->CON OK 68 0C A0 00 00 00 00 9E 00 00 00 00 4A 43
000023064883 BASE->CON OK 68 0C A0 00 00 00 00 9E 00 00 00 00 4A 43
000023284880 BASE->CON OK 68 0C A0 00 00 00 00 9E 00 00 00 00 4A 43
000023504878 BASE->CON OK 68 0C A0 00 00 00 00 9E 00 00 00 00 4A 43
000023724876 BASE->CON OK 68 0C A0 00 00 00 00 9E 00 00 00 00 4A 43
000023877371 CON->BASE OK 68 08 20 00 00 00 00 14 3C 43
000023877780 CON->BASE OK 68 08 20 00 00 00 00 14 3C 43
000023878150 CON->BASE OK 68 08 20 00 00 00 00 14 3C 43
000023881429 CON->BASE OK 68 08 20 00 00 00 00 14 3C 43
000023886377 CON->BASE OK 68 08 20 00 00 00 00 14 3C 43
000023891325 CON->BASE OK 68 08 20 00 00 00 00 14 3C 43
000023944874 BASE->CON OK 68 0C A0 00 00 00 00 9E 00 00 00 00 4A 43
000024057358 CON->BASE OK 68 08 20 00 00 00 00 14 3C 43
000024164872 BASE->CON OK 68 0C A0 00 00 00 00 9E 00 00 00 00 4A 43
000024384869 BASE->CON OK 68 0C A0 00 00 00 00 9E 00 00 00 00 4A 43
000024604867 BASE->CON OK 68 0C A0 00 00 00 00 9E 00 00 00 00 4A 43
000024824865 BASE->CON OK 68 0C A0 00 00 00 00 9E 00 00 00 00 4A 43
000025044863 BASE->CON OK 68 0C A0 00 00 00 00 9E 00 00 00 00 4A 43
000025130692 CON->BASE OK 68 08 20 00 00 00 00 14 3C 43
000025131097 CON->BASE OK 68 08 20 00 00 00 00 14 3C 43
000025131471 CON->BASE OK 68 08 20 00 00 00 00 14 3C 43
000025134746 CON->BASE OK 68 08 20 00 00 00 00 14 3C 43
000025139694 CON->BASE OK 68 08 20 00 00 00 00 14 3C 43
000025144641 CON->BASE OK 68 08 20 00 00 00 00 14 3C 43
000025264861 BASE->CON OK 68 0C A0 00 00 00 00 9E 00 00 00 00 4A 43
000025310679 CON->BASE OK 68 08 20 00 00 00 00 14 3C 43
000025484858 BASE->CON OK 68 0C A0 00 00 00 00 9E 00 00 00 00 4A 43
000025698190 BASE->CON OK 68 0C A0 00 00 00 00 9E 00 00 00 00 4A 43
000025918187 BASE->CON OK 68 0C A0 00 00 00 00 9E 00 00 00 00 4A 43
000026138185 BASE->CON OK 68 0C A0 00 00 00 00 9E 00 00 00 00 4A 43
000026358183 BASE->CON OK 68 0C A0 00 00 00 00 9E 00 00 00 00 4A 43
000026384013 CON->BASE OK 68 08 20 00 00 00 00 14 3C 43
000026384422 CON->BASE OK 68 08 20 00 00 00 00 14 3C 43
000026384791 CON->BASE OK 68 08 20 00 00 00 00 14 3C 43
000026388071 CON->BASE OK 68 08 20 00 00 00 00 14 3C 43
000026393018 CON->BASE OK 68 08 20 00 00 00 00 14 3C 43
000026397966 CON->BASE OK 68 08 20 00 00 00 00 14 3C 43
000026564000 CON->BASE OK 68 08 20 00 00 00 00 14 3C 43
000026578181 BASE->CON OK 68 0C A0 00 00 00 00 9E 00 00 00 00 4A 43
000026743998 CON->BASE OK 68 08 20 00 00 00 00 14 3C 43
000026798178 BASE->CON OK 68 0C A0 00 00 00 00 9E 00 00 00 00 4A 43
000027018176 BASE->CON OK 68 0C A0 00 00 00 00 9E 00 00 00 00 4A 43
000027238174 BASE->CON OK 68 0C A0 00 00 00 00 9E 00 00 00 00 4A 43
000027458172 BASE->CON OK 68 0C A0 00 00 00 00 9E 00 00 00 00 4A 43
000027678170 BASE->CON OK 68 0C A0 00 00 00 00 9E 00 00 00 00 4A 43
000027817331 CON->BASE OK 68 08 20 00 00 00 00 14 3C 43
000027817741 CON->BASE OK 68 08 20 00 00 00 00 14 3C 43
000027818110 CON->BASE OK 68 08 20 00 00 00 00 14 3C 43
000027821389 CON->BASE OK 68 08 20 00 00 00 00 14 3C 43
000027826337 CON->BASE OK 68 08 20 00 00 00 00 14 3C 43
000027831285 CON->BASE OK 68 08 20 00 00 00 00 14 3C 43
000027898168 BASE->CON OK 68 0C A0 00 00 00 00 9E 00 00 00 00 4A 43
000027997319 CON->BASE OK 68 08 20 00 00 00 00 14 3C 43
000028118165 BASE->CON OK 68 0C A0 00 00 00 00 9E 00 00 00 00 4A 43
000028338163 BASE->CON OK 68 0C A0 00 00 00 00 9E 00 00 00 00 4A 43
000028558161 BASE->CON OK 68 0C A0 00 00 00 00 9E 00 00 00 00 4A 43
000028778159 BASE->CON OK 68 0C A0 00 00 00 00 9E 00 00 00 00 4A 43
000028998157 BASE->CON OK 68 0C A0 00 00 00 00 9E 00 00 00 00 4A 43
000029070652 CON->BASE OK 68 08 20 00 00 00 00 14 3C 43
000029071058 CON->BASE OK 68 08 20 00 00 00 00 14 3C 43
000029071431 CON->BASE OK 68 08 20 00 00 00 00 14 3C 43
000029074706 CON->BASE OK 68 08 20 00 00 00 00 14 3C 43
000029079654 CON->BASE OK 68 08 20 00 00 00 00 14 3C 43
000029084602 CON->BASE OK 68 08 20 00 00 00 00 14 3C 43
000029218154 BASE->CON OK 68 0C A0 00 00 00 00 9E 00 00 00 00 4A 43
000029250640 CON->BASE OK 68 08 20 00 00 00 00 14 3C 43
000029430638 CON->BASE OK 68 08 20 00 00 00 00 14 3C 43
000029438152 BASE->CON OK 68 0C A0 00 00 00 00 9E 00 00 00 00 4A 43
000029658150 BASE->CON OK 68 0C A0 00 00 00 00 9E 00 00 00 00 4A 43
000029878148 BASE->CON OK 68 0C A0 00 00 00 00 9E 00 00 00 00 4A 43
000030098146 BASE->CON OK 68 0C A0 00 00 00 00 9E 00 00 00 00 4A 43
000030318143 BASE->CON OK 68 0C A0 00 00 00 00 9E 00 00 00 00 4A 43
000030503971 CON->BASE OK 68 08 20 00 00 00 00 14 3C 43
000030504377 CON->BASE OK 68 08 20 00 00 00 00 14 3C 43
000030504750 CON->BASE OK 68 08 20 00 00 00 00 14 3C 43
000030508025 CON->BASE OK 68 08 20 00 00 00 00 14 3C 43
000030512973 CON->BASE OK 68 08 20 00 00 00 00 14 3C 43
000030517921 CON->BASE OK 68 08 20 00 00 00 00 14 3C 43
000030538141 BASE->CON OK 68 0C A0 00 00 00 00 9E 00 00 00 00 4A 43
000030683959 CON->BASE OK 68 08 20 00 00 00 00 14 3C 43
000030758139 BASE->CON OK 68 0C A0 00 00 00 00 9E 00 00 00 00 4A 43
000030978137 BASE->CON OK 68 0C A0 00 00 00 00 9E 00 00 00 00 4A 43
000031198134 BASE->CON OK 68 0C A0 00 00 00 00 9E 00 00 00 00 4A 43
000031418132 BASE->CON OK 68 0C A0 00 00 00 00 9E 00 00 00 00 4A 43
000031638130 BASE->CON OK 68 0C A0 00 00 00 00 9E 00 00 00 00 4A 43
000031757292 CON->BASE OK 68 08 20 00 00 00 00 14 3C 43
000031757701 CON->BASE OK 68 08 20 00 00 00 00 14 3C 43
000031758071 CON->BASE OK 68 08 20 00 00 00 00 14 3C 43
000031761350 CON->BASE OK 68 08 20 00 00 00 00 14 3C 43
000031766298 CON->BASE OK 68 08 20 00 00 00 00 14 3C 43
000031771246 CON->BASE OK 68 08 20 00 00 00 00 14 3C 43
000031858128 BASE->CON OK 68 0C A0 00 00 00 00 9E 00 00 00 00 4A 43
000031937279 CON->BASE OK 68 08 20 00 00 00 00 14 3C 43
000032078126 BASE->CON OK 68 0C A0 00 00 00 00 9E 00 00 00 00 4A 43
000032298124 BASE->CON OK 68 0C A0 00 00 00 00 9E 00 00 00 00 4A 43
000032518121 BASE->CON OK 68 0C A0 00 00 00 00 9E 00 00 00 00 4A 43
000032738119 BASE->CON OK 68 0C A0 00 00 00 00 9E 00 00 00 00 4A 43
000032958117 BASE->CON OK 68 0C A0 00 00 00 00 9E 00 00 00 00 4A 43
000033178115 BASE->CON OK 68 0C A0 00 00 00 00 9E 00 00 00 00 4A 43
000033190613 CON->BASE OK 68 08 20 00 00 00 00 14 3C 43
000033191023 CON->BASE OK 68 08 20 00 00 00 00 14 3C 43
000033191392 CON->BASE OK 68 08 20 00 00 00 00 14 3C 43
000033194671 CON->BASE OK 68 08 20 00 00 00 00 14 3C 43
000033199619 CON->BASE OK 68 08 20 00 00 00 00 14 3C 43
000033204567 CON->BASE OK 68 08 20 00 00 00 00 14 3C 43
000033209515 CON->BASE OK 68 08 20 00 00 00 00 14 3C 43
000033370598 CON->BASE OK 68 08 20 00 00 00 00 14 3C 43
000033398113 BASE->CON OK 68 0C A0 00 00 00 00 9E 00 00 00 00 4A 43
000033618110 BASE->CON OK 68 0C A0 00 00 00 00 9E 00 00 00 00 4A 43
000033838108 BASE->CON OK 68 0C A0 00 00 00 00 9E 00 00 00 00 4A 43
000034058106 BASE->CON OK 68 0C A0 00 00 00 00 9E 00 00 00 00 4A 43
000034278104 BASE->CON OK 68 0C A0 00 00 00 00 9E 00 00 00 00 4A 43
000034443932 CON->BASE OK 68 08 20 00 00 00 00 14 3C 43
000034444337 CON->BASE OK 68 08 20 00 00 00 00 14 3C 43
000034444711 CON->BASE OK 68 08 20 00 00 00 00 14 3C 43
000034447986 CON->BASE OK 68 08 20 00 00 00 00 14 3C 43
000034452934 CON->BASE OK 68 08 20 00 00 00 00 14 3C 43
000034457882 CON->BASE OK 68 08 20 00 00 00 00 14 3C 43
000034498102 BASE->CON OK 68 0C A0 00 00 00 00 9E 00 00 00 00 4A 43
000034623919 CON->BASE OK 68 08 20 00 00 00 00 14 3C 43
000034718099 BASE->CON OK 68 0C A0 00 00 00 00 9E 00 00 00 00 4A 43
000034938097 BASE->CON OK 68 0C A0 00 00 00 00 9E 00 00 00 00 4A 43
000035158095 BASE->CON OK 68 0C A0 00 00 00 00 9E 00 00 00 00 4A 43
000035378093 BASE->CON OK 68 0C A0 00 00 00 00 9E 00 00 00 00 4A 43
000035598091 BASE->CON OK 68 0C A0 00 00 00 00 9E 00 00 00 00 4A 43
000035697253 CON->BASE OK 68 08 20 00 00 00 00 14 3C 43
000035697662 CON->BASE OK 68 08 20 00 00 00 00 14 3C 43
000035698032 CON->BASE OK 68 08 20 00 00 00 00 14 3C 43
000035701311 CON->BASE OK 68 08 20 00 00 00 00 14 3C 43
000035706259 CON->BASE OK 68 08 20 00 00 00 00 14 3C 43
000035711207 CON->BASE OK 68 08 20 00 00 00 00 14 3C 43
000035818088 BASE->CON OK 68 0C A0 00 00 00 00 9E 00 00 00 00 4A 43
000035877240 CON->BASE OK 68 08 20 00 00 00 00 14 3C 43
000036038086 BASE->CON OK 68 0C A0 00 00 00 00 9E 00 00 00 00 4A 43
000036057238 CON->BASE OK 68 08 20 00 00 00 00 14 3C 43
000036258084 BASE->CON OK 68 0C A0 00 00 00 00 9E 00 00 00 00 4A 43
000036478082 BASE->CON OK 68 0C A0 00 00 00 00 9E 00 00 00 00 4A 43
000036698080 BASE->CON OK 68 0C A0 00 00 00 00 9E 00 00 00 00 4A 43
000036918077 BASE->CON OK 68 0C A0 00 00 00 00 9E 00 00 00 00 4A 43
000037130572 CON->BASE OK 68 08 20 00 00 00 00 14 3C 43
000037130981 CON->BASE OK 68 08 20 00 00 00 00 14 3C 43
000037131351 CON->BASE OK 68 08 20 00 00 00 00 14 3C 43
000037134630 CON->BASE OK 68 08 20 00 00 00 00 14 3C 43
000037138071 BASE->CON OK 68 0C A0 00 00 00 00 9E 00 00 00 00 4A 43
000037139587 CON->BASE OK 68 08 20 00 00 00 00 14 3C 43
000037150515 CON->BASE OK 68 08 20 00 00 00 00 14 3C 43
000037310559 CON->BASE OK 68 08 20 00 00 00 00 14 3C 43
000037358073 BASE->CON OK 68 0C A0 00 00 00 00 9E 00 00 00 00 4A 43
000037571404 BASE->CON OK 68 0C A0 00 00 00 00 9E 00 00 00 00 4A 43
000037791402 BASE->CON OK 68 0C A0 00 00 00 00 9E 00 00 00 00 4A 43
000038011400 BASE->CON OK 68 0C A0 00 00 00 00 9E 00 00 00 00 4A 43
000038231398 BASE->CON OK 68 0C A0 00 00 00 00 9E 00 00 00 00 4A 43
000038383892 CON->BASE OK 68 08 20 00 00 00 00 14 3C 43
000038384302 CON->BASE OK 68 08 20 00 00 00 00 14 3C 43
000038384671 CON->BASE OK 68 08 20 00 00 00 00 14 3C 43
000038387950 CON->BASE OK 68 08 20 00 00 00 00 14 3C 43
000038392898 CON->BASE OK 68 08 20 00 00 00 00 14 3C 43
000038397846 CON->BASE OK 68 08 20 00 00 00 00 14 3C 43
000038451395 BASE->CON OK 68 0C A0 00 00 00 00 9E 00 00 00 00 4A 43
000038563880 CON->BASE OK 68 08 20 00 00 00 00 14 3C 43
000038671393 BASE->CON OK 68 0C A0 00 00 00 00 9E 00 00 00 00 4A 43
000038891391 BASE->CON OK 68 0C A0 00 00 00 00 9E 00 00 00 00 4A 43
000039111389 BASE->CON OK 68 0C A0 00 00 00 00 9E 00 00 00 00 4A 43
000039331387 BASE->CON OK 68 0C A0 00 00 00 00 9E 00 00 00 00 4A 43
000039551384 BASE->CON OK 68 0C A0 00 00 00 00 9E 00 00 00 00 4A 43
000039771382 BASE->CON OK 68 0C A0 00 00 00 00 9E 00 00 00 00 4A 43
000039817214 CON->BASE OK 68 08 20 00 00 00 00 14 3C 43
000039817623 CON->BASE OK 68 08 20 00 00 00 00 14 3C 43
000039817993 CON->BASE OK 68 08 20 00 00 00 00 14 3C 43
000039821272 CON->BASE OK 68 08 20 00 00 00 00 14 3C 43
000039826220 CON->BASE OK 68 08 20 00 00 00 00 14 3C 43
000039831167 CON->BASE OK 68 08 20 00 00 00 00 14 3C 43
000039836115 CON->BASE OK 68 08 20 00 00 00 00 14 3C 43
000039991380 BASE->CON OK 68 0C A0 00 00 00 00 9E 00 00 00 00 4A 43
000039997199 CON->BASE OK 68 08 20 00 00 00 00 14 3C 43
000040211378 BASE->CON OK 68 0C A0 00 00 00 00 9E 00 00 00 00 4A 43
000040431376 BASE->CON OK 68 0C A0 00 00 00 00 9E 00 00 00 00 4A 43
000040651373 BASE->CON OK 68 0C A0 00 00 00 00 9E 00 00 00 00 4A 43
000040871371 BASE->CON OK 68 0C A0 00 00 00 00 9E 00 00 00 00 4A 43
000040890532 CON->BASE OK 68 08 20 00 00 00 00 14 3C 43
000040890937 CON->BASE OK 68 08 20 00 00 00 00 14 3C 43
000040891311 CON->BASE OK 68 08 20 00 00 00 00 14 3C 43
000040894586 CON->BASE OK 68 08 20 00 00 00 00 14 3C 43
000040899534 CON->BASE OK 68 08 20 00 00 00 00 14 3C 43
000041070521 CON->BASE OK 68 08 20 00 00 00 00 14 3C 43
000041091369 BASE->CON OK 68 0C A0 00 00 00 00 9E 00 00 00 00 4A 43
000041311367 BASE->CON OK 68 0C A0 00 00 00 00 9E 00 00 00 00 4A 43
000041531365 BASE->CON OK 68 0C A0 00 00 00 00 9E 00 00 00 00 4A 43
000041751362 BASE->CON OK 68 0C A0 00 00 00 00 9E 00 00 00 00 4A 43
000041971360 BASE->CON OK 68 0C A0 00 00 00 00 9E 00 00 00 00 4A 43
000042191358 BASE->CON OK 68 0C A0 00 00 00 00 9E 00 00 00 00 4A 43
000042323856 CON->BASE OK 68 08 20 00 00 00 00 14 3C 43
000042324261 CON->BASE OK 68 08 20 00 00 00 00 14 3C 43
000042324635 CON->BASE OK 68 08 20 00 00 00 00 14 3C 43
000042327910 CON->BASE OK 68 08 20 00 00 00 00 14 3C 43
000042332858 CON->BASE OK 68 08 20 00 00 00 00 14 3C 43
000042337805 CON->BASE OK 68 08 20 00 00 00 00 14 3C 43
000042342753 CON->BASE OK 68 08 20 00 00 00 00 14 3C 43
000042411356 BASE->CON OK 68 0C A0 00 00 00 00 9E 00 00 00 00 4A 43
000042503840 CON->BASE OK 68 08 20 00 00 00 00 14 3C 43
000042631354 BASE->CON OK 68 0C A0 00 00 00 00 9E 00 00 00 00 4A 43
000042851351 BASE->CON OK 68 0C A0 00 00 00 00 9E 00 00 00 00 4A 43
000043071349 BASE->CON OK 68 0C A0 00 00 00 00 9E 00 00 00 00 4A 43
000043291347 BASE->CON OK 68 0C A0 00 00 00 00 9E 00 00 00 00 4A 43
000043511345 BASE->CON OK 68 0C A0 00 00 00 00 9E 00 00 00 00 4A 43
000043577174 CON->BASE OK 68 08 20 00 00 00 00 14 3C 43
000043577579 CON->BASE OK 68 08 20 00 00 00 00 14 3C 43
000043577953 CON->BASE OK 68 08 20 00 00 00 00 14 3C 43
000043581228 CON->BASE OK 68 08 20 00 00 00 00 14 3C 43
000043586176 CON->BASE OK 68 08 20 00 00 00 00 14 3C 43
000043591124 CON->BASE OK 68 08 20 00 00 00 00 14 3C 43
000043731343 BASE->CON OK 68 0C A0 00 00 00 00 9E 00 00 00 00 4A 43
000043757161 CON->BASE OK 68 08 20 00 00 00 00 14 3C 43
000043951340 BASE->CON OK 68 0C A0 00 00 00 00 9E 00 00 00 00 4A 43
000044171338 BASE->CON OK 68 0C A0 00 00 00 00 9E 00 00 00 00 4A 43
000044391336 BASE->CON OK 68 0C A0 00 00 00 00 9E 00 00 00 00 4A 43
000044611334 BASE->CON OK 68 0C A0 00 00 00 00 9E 00 00 00 00 4A 43
000044830495 CON->BASE OK 68 08 20 00 00 00 00 14 3C 43
000044830900 CON->BASE OK 68 08 20 00 00 00 00 14 3C 43
000044831274 CON->BASE OK 68 08 20 00 00 00 00 14 3C 43
000044831334 BASE->CON OK 68 0C A0 00 00 00 00 9E 00 00 00 00 4A 43
000044834559 CON->BASE OK 68 08 20 00 00 00 00 14 3C 43
000044845486 CON->BASE OK 68 08 20 00 00 00 00 14 3C 43
000044850434 CON->BASE OK 68 08 20 00 00 00 00 14 3C 43
000045010482 CON->BASE OK 68 08 20 00 00 00 00 14 3C 43
000045051329 BASE->CON OK 68 0C A0 00 00 00 00 9E 00 00 00 00 4A 43
000045271327 BASE->CON OK 68 0C A0 00 00 00 00 9E 00 00 00 00 4A 43
000045491325 BASE->CON OK 68 0C A0 00 00 00 00 9E 00 00 00 00 4A 43
000045711323 BASE->CON OK 68 0C A0 00 00 00 00 9E 00 00 00 00 4A 43
000045931321 BASE->CON OK 68 0C A0 00 00 00 00 9E 00 00 00 00 4A 43
000046083815 CON->BASE OK 68 08 20 00 00 00 00 14 3C 43
000046084221 CON->BASE OK 68 08 20 00 00 00 00 14 3C 43
000046084595 CON->BASE OK 68 08 20 00 00 00 00 14 3C 43
000046087870 CON->BASE OK 68 08 20 00 00 00 00 14 3C 43
000046092817 CON->BASE OK 68 08 20 00 00 00 00 14 3C 43
000046097765 CON->BASE OK 68 08 20 00 00 00 00 14 3C 43
000046151318 BASE->CON OK 68 0C A0 00 00 00 00 9E 00 00 00 00 4A 43
000046263803 CON->BASE OK 68 08 20 00 00 00 00 14 3C 43
000046371316 BASE->CON OK 68 0C A0 00 00 00 00 9E 00 00 00 00 4A 43
000046443801 CON->BASE OK 68 08 20 00 00 00 00 14 3C 43
000046591314 BASE->CON OK 68 0C A0 00 00 00 00 9E 00 00 00 00 4A 43
000046811312 BASE->CON OK 68 0C A0 00 00 00 00 9E 00 00 00 00 4A 43
000047031310 BASE->CON OK 68 0C A0 00 00 00 00 9E 00 00 00 00 4A 43
000047251307 BASE->CON OK 68 0C A0 00 00 00 00 9E 00 00 00 00 4A 43
000047471305 BASE->CON OK 68 0C A0 00 00 00 00 9E 00 00 00 00 4A 43
000047517134 CON->BASE OK 68 08 20 00 00 00 00 14 3C 43
000047517544 CON->BASE OK 68 08 20 00 00 00 00 14 3C 43
000047517914 CON->BASE OK 68 08 20 00 00 00 00 14 3C 43
000047521193 CON->BASE OK 68 08 20 00 00 00 00 14 3C 43
000047526140 CON->BASE OK 68 08 20 00 00 00 00 14 3C 43
000047531088 CON->BASE OK 68 08 20 00 00 00 00 14 3C 43
000047691303 BASE->CON OK 68 0C A0 00 00 00 00 9E 00 00 00 00 4A 43
000047697122 CON->BASE OK 68 08 20 00 00 00 00 14 3C 43
000047911301 BASE->CON OK 68 0C A0 00 00 00 00 9E 00 00 00 00 4A 43
000048131299 BASE->CON OK 68 0C A0 00 00 00 00 9E 00 00 00 00 4A 43
000048351296 BASE->CON OK 68 0C A0 00 00 00 00 9E 00 00 00 00 4A 43
000048571294 BASE->CON OK 68 0C A0 00 00 00 00 9E 00 00 00 00 4A 43
000048770455 CON->BASE OK 68 08 20 00 00 00 00 14 3C 43
000048770865 CON->BASE OK 68 08 20 00 00 00 00 14 3C 43
000048771234 CON->BASE OK 68 08 20 00 00 00 00 14 3C 43
000048774514 CON->BASE OK 68 08 20 00 00 00 00 14 3C 43
000048779461 CON->BASE OK 68 08 20 00 00 00 00 14 3C 43
000048784409 CON->BASE OK 68 08 20 00 00 00 00 14 3C 43
000048791292 BASE->CON OK 68 0C A0 00 00 00 00 9E 00 00 00 00 4A 43
000048950443 CON->BASE OK 68 08 20 00 00 00 00 14 3C 43
000049011290 BASE->CON OK 68 0C A0 00 00 00 00 9E 00 00 00 00 4A 43
000049231288 BASE->CON OK 68 0C A0 00 00 00 00 9E 00 00 00 00 4A 43
000049451285 BASE->CON OK 68 0C A0 00 00 00 00 9E 00 00 00 00 4A 43
000049671283 BASE->CON OK 68 0C A0 00 00 00 00 9E 00 00 00 00 4A 43
000049891281 BASE->CON OK 68 0C A0 00 00 00 00 9E 00 00 00 00 4A 43
000050111279 BASE->CON OK 68 0C A0 00 00 00 00 9E 00 00 00 00 4A 43
000050203776 CON->BASE OK 68 08 20 00 00 00 00 14 3C 43
000050204186 CON->BASE OK 68 08 20 00 00 00 00 14 3C 43
000050204556 CON->BASE OK 68 08 20 00 00 00 00 14 3C 43
000050207834 CON->BASE OK 68 08 20 00 00 00 00 14 3C 43
000050212782 CON->BASE OK 68 08 20 00 00 00 00 14 3C 43
000050217730 CON->BASE OK 68 08 20 00 00 00 00 14 3C 43
000050222678 CON->BASE OK 68 08 20 00 00 00 00 14 3C 43
000050331277 BASE->CON OK 68 0C A0 00 00 00 00 9E 00 00 00 00 4A 43
000050383762 CON->BASE OK 68 08 20 00 00 00 00 14 3C 43
000050551274 BASE->CON OK 68 0C A0 00 00 00 00 9E 00 00 00 00 4A 43
000050771272 BASE->CON OK 68 0C A0 00 00 00 00 9E 00 00 00 00 4A 43
000050991270 BASE->CON OK 68 0C A0 00 00 00 00 9E 00 00 00 00 4A 43
000051211268 BASE->CON OK 68 0C A0 00 00 00 00 9E 00 00 00 00 4A 43
000051424599 BASE->CON OK 68 0C A0 00 00 00 00 9E 00 00 00 00 4A 43
000051457095 CON->BASE OK 68 08 20 00 00 00 00 14 3C 43
000051457505 CON->BASE OK 68 08 20 00 00 00 00 14 3C 43
000051457874 CON->BASE OK 68 08 20 00 00 00 00 14 3C 43
000051461153 CON->BASE OK 68 08 20 00 00 00 00 14 3C 43
000051466101 CON->BASE OK 68 08 20 00 00 00 00 14 3C 43
000051471049 CON->BASE OK 68 08 20 00 00 00 00 14 3C 43
000051637082 CON->BASE OK 68 08 20 00 00 00 00 14 3C 43
000051651263 BASE->CON OK 68 0C A0 00 00 00 00 9E 00 00 00 00 4A 43
000051871261 BASE->CON OK 68 0C A0 00 00 00 00 9E 00 00 00 00 4A 43
000052091259 BASE->CON OK 68 0C A0 00 00 00 00 9E 00 00 00 00 4A 43
000052311257 BASE->CON OK 68 0C A0 00 00 00 00 9E 00 00 00 00 4A 43
000052531255 BASE->CON OK 68 0C A0 00 00 00 00 9E 00 00 00 00 4A 43
000052751252 BASE->CON OK 68 0C A0 00 00 00 00 9E 00 00 00 00 4A 43
000052890416 CON->BASE OK 68 08 20 00 00 00 00 14 3C 43
000052890822 CON->BASE OK 68 08 20 00 00 00 00 14 3C 43
000052891196 CON->BASE OK 68 08 20 00 00 00 00 14 3C 43
000052894470 CON->BASE OK 68 08 20 00 00 00 00 14 3C 43
000052899418 CON->BASE OK 68 08 20 00 00 00 00 14 3C 43
000052904366 CON->BASE OK 68 08 20 00 00 00 00 14 3C 43
000052909314 CON->BASE OK 68 08 20 00 00 00 00 14 3C 43
000052971250 BASE->CON OK 68 0C A0 00 00 00 00 9E 00 00 00 00 4A 43
000053070401 CON->BASE OK 68 08 20 00 00 00 00 14 3C 43
000053184581 BASE->CON OK 68 0C A0 00 00 00 00 9E 00 00 00 00 4A 43
000053404579 BASE->CON OK 68 0C A0 00 00 00 00 9E 00 00 00 00 4A 43
000053624577 BASE->CON OK 68 0C A0 00 00 00 00 9E 00 00 00 00 4A 43
000053844575 BASE->CON OK 68 0C A0 00 00 00 00 9E 00 00 00 00 4A 43
000054064573 BASE->CON OK 68 0C A0 00 00 00 00 9E 00 00 00 00 4A 43
000054143735 CON->BASE OK 68 08 20 00 00 00 00 14 3C 43
000054144141 CON->BASE OK 68 08 20 00 00 00 00 14 3C 43
000054144514 CON->BASE OK 68 08 20 00 00 00 00 14 3C 43
000054147789 CON->BASE OK 68 08 20 00 00 00 00 14 3C 43
000054152737 CON->BASE OK 68 08 20 00 00 00 00 14 3C 43
000054157685 CON->BASE OK 68 08 20 00 00 00 00 14 3C 43
000054284570 BASE->CON OK 68 0C A0 00 00 00 00 9E 00 00 00 00 4A 43
000054323723 CON->BASE OK 68 08 20 00 00 00 00 14 3C 43
000054504568 BASE->CON OK 68 0C A0 00 00 00 00 9E 00 00 00 00 4A 43
000054724566 BASE->CON OK 68 0C A0 00 00 00 00 9E 00 00 00 00 4A 43
000054944564 BASE->CON OK 68 0C A0 00 00 00 00 9E 00 00 00 00 4A 43
000055164562 BASE->CON OK 68 0C A0 00 00 00 00 9E 00 00 00 00 4A 43
000055384559 BASE->CON OK 68 0C A0 00 00 00 00 9E 00 00 00 00 4A 43
000055397056 CON->BASE OK 68 08 20 00 00 00 00 14 3C 43
000055397465 CON->BASE OK 68 08 20 00 00 00 00 14 3C 43
000055397835 CON->BASE OK 68 08 20 00 00 00 00 14 3C 43
000055401114 CON->BASE OK 68 08 20 00 00 00 00 14 3C 43
000055406062 CON->BASE OK 68 08 20 00 00 00 00 14 3C 43
000055411009 CON->BASE OK 68 08 20 00 00 00 00 14 3C 43
000055577043 CON->BASE OK 68 08 20 00 00 00 00 14 3C 43
000055604557 BASE->CON OK 68 0C A0 00 00 00 00 9E 00 00 00 00 4A 43
000055757041 CON->BASE OK 68 08 20 00 00 00 00 14 3C 43
000055824555 BASE->CON OK 68 0C A0 00 00 00 00 9E 00 00 00 00 4A 43
000056044553 BASE->CON OK 68 0C A0 00 00 00 00 9E 00 00 00 00 4A 43
000056264551 BASE->CON OK 68 0C A0 00 00 00 00 9E 00 00 00 00 4A 43
000056484548 BASE->CON OK 68 0C A0 00 00 00 00 9E 00 00 00 00 4A 43
000056704546 BASE->CON OK 68 0C A0 00 00 00 00 9E 00 00 00 00 4A 43
000056830375 CON->BASE OK 68 08 20 00 00 00 00 14 3C 43
000056830784 CON->BASE OK 68 08 20 00 00 00 00 14 3C 43
000056831154 CON->BASE OK 68 08 20 00 00 00 00 14 3C 43
000056834433 CON->BASE OK 68 08 20 00 00 00 00 14 3C 43
000056839381 CON->BASE OK 68 08 20 00 00 00 00 14 3C 43
000056844328 CON->BASE OK 68 08 20 00 00 00 00 14 3C 43
000056924544 BASE->CON OK 68 0C A0 00 00 00 00 9E 00 00 00 00 4A 43
000057010362 CON->BASE OK 68 08 20 00 00 00 00 14 3C 43
000057144542 BASE->CON OK 68 0C A0 00 00 00 00 9E 00 00 00 00 4A 43
000057364540 BASE->CON OK 68 0C A0 00 00 00 00 9E 00 00 00 00 4A 43
000057584537 BASE->CON OK 68 0C A0 00 00 00 00 9E 00 00 00 00 4A 43
000057804535 BASE->CON OK 68 0C A0 00 00 00 00 9E 00 00 00 00 4A 43
000058024533 BASE->CON OK 68 0C A0 00 00 00 00 9E 00 00 00 00 4A 43
000058083698 CON->BASE OK 68 08 20 00 00 00 00 14 3C 43
000058084103 CON->BASE OK 68 08 20 00 00 00 00 14 3C 43
000058084477 CON->BASE OK 68 08 20 00 00 00 00 14 3C 43
000058087752 CON->BASE OK 68 08 20 00 00 00 00 14 3C 43
000058092700 CON->BASE OK 68 08 20 00 00 00 00 14 3C 43
000058097648 CON->BASE OK 68 08 20 00 00 00 00 14 3C 43
000058244531 BASE->CON OK 68 0C A0 00 00 00 00 9E 00 00 00 00 4A 43
000058263687 CON->BASE OK 68 08 20 00 00 00 00 14 3C 43
000058443688 CON->BASE OK 68 08 20 00 00 00 00 14 3C 43
000058464529 BASE->CON OK 68 0C A0 00 00 00 00 9E 00 00 00 00 4A 43
000058684526 BASE->CON OK 68 0C A0 00 00 00 00 9E 00 00 00 00 4A 43
000058904524 BASE->CON OK 68 0C A0 00 00 00 00 9E 00 00 00 00 4A 43
000059124522 BASE->CON OK 68 0C A0 00 00 00 00 9E 00 00 00 00 4A 43
000059344520 BASE->CON OK 68 0C A0 00 00 00 00 9E 00 00 00 00 4A 43
000059517014 CON->BASE OK 68 08 20 00 00 00 00 14 3C 43
000059517420 CON->BASE OK 68 08 20 00 00 00 00 14 3C 43
000059517794 CON->BASE OK 68 08 20 00 00 00 00 14 3C 43
000059521069 CON->BASE OK 68 08 20 00 00 00 00 14 3C 43
000059526017 CON->BASE OK 68 08 20 00 00 00 00 14 3C 43
000059530964 CON->BASE OK 68 08 20 00 00 00 00 14 3C 43
000059564518 BASE->CON OK 68 0C A0 00 00 00 00 9E 00 00 00 00 4A 43
000059697002 CON->BASE OK 68 08 20 00 00 00 00 14 3C 43
000059784515 BASE->CON OK 68 0C A0 00 00 00 00 9E 00 00 00 00 4A 43
000060004513 BASE->CON OK 68 0C A0 00 00 00 00 9E 00 00 00 00 4A 43
000060224511 BASE->CON OK 68 0C A0 00 00 00 00 9E 00 00 00 00 4A 43
000060444509 BASE->CON OK 68 0C A0 00 00 00 00 9E 00 00 00 00 4A 43
000060664507 BASE->CON OK 68 0C A0 00 00 00 00 9E 00 00 00 00 4A 43
000060884504 BASE->CON OK 68 0C A0 00 00 00 00 9E 00 00 00 00 4A 43
000060950336 CON->BASE OK 68 08 20 00 00 00 00 14 3C 43
000060950741 CON->BASE OK 68 08 20 00 00 00 00 14 3C 43
000060951115 CON->BASE OK 68 08 20 00 00 00 00 14 3C 43
000060954390 CON->BASE OK 68 08 20 00 00 00 00 14 3C 43
000060959338 CON->BASE OK 68 08 20 00 00 00 00 14 3C 43
000060964286 CON->BASE OK 68 08 20 00 00 00 00 14 3C 43
000060969233 CON->BASE OK 68 08 20 00 00 00 00 14 3C 43
000061104502 BASE->CON OK 68 0C A0 00 00 00 00 9E 00 00 00 00 4A 43
000061130321 CON->BASE OK 68 08 20 00 00 00 00 14 3C 43
000061324500 BASE->CON OK 68 0C A0 00 00 00 00 9E 00 00 00 00 4A 43
000061544498 BASE->CON OK 68 0C A0 00 00 00 00 9E 00 00 00 00 4A 43
000061764496 BASE->CON OK 68 0C A0 00 00 00 00 9E 00 00 00 00 4A 43
000061984493 BASE->CON OK 68 0C A0 00 00 00 00 9E 00 00 00 00 4A 43
000062203654 CON->BASE OK 68 08 20 00 00 00 00 14 3C 43
000062204069 CON->BASE OK 68 08 20 00 00 00 00 14 3C 43
000062204475 CON->BASE OK 68 08 20 00 00 00 00 14 3C 43
000062204493 BASE->CON OK 68 0C A0 00 00 00 00 9E 00 00 00 00 4A 43
000062207728 CON->BASE OK 68 08 20 00 00 00 00 14 3C 43
000062218655 CON->BASE OK 68 08 20 00 00 00 00 14 3C 43
000062223603 CON->BASE OK 68 08 20 00 00 00 00 14 3C 43
000062383642 CON->BASE OK 68 08 20 00 00 00 00 14 3C 43
000062424489 BASE->CON OK 68 0C A0 00 00 00 00 9E 00 00 00 00 4A 43
000062563640 CON->BASE OK 68 08 20 00 00 00 00 14 3C 43
000062644487 BASE->CON OK 68 0C A0 00 00 00 00 9E 00 00 00 00 4A 43
000062864485 BASE->CON OK 68 0C A0 00 00 00 00 9E 00 00 00 00 4A 43
000063084482 BASE->CON OK 68 0C A0 00 00 00 00 9E 00 00 00 00 4A 43
000063304480 BASE->CON OK 68 0C A0 00 00 00 00 9E 00 00 00 00 4A 43
000063524478 BASE->CON OK 68 0C A0 00 00 00 00 9E 00 00 00 00 4A 43
000063636973 CON->BASE OK 68 08 20 00 00 00 00 14 3C 43
000063637383 CON->BASE OK 68 08 20 00 00 00 00 14 3C 43
000063637753 CON->BASE OK 68 08 20 00 00 00 00 14 3C 43
000063641031 CON->BASE OK 68 08 20 00 00 00 00 14 3C 43
000063645979 CON->BASE OK 68 08 20 00 00 00 00 14 3C 43
000063650927 CON->BASE OK 68 08 20 00 00 00 00 14 3C 43
000063744476 BASE->CON OK 68 0C A0 00 00 00 00 9E 00 01 00 00 4B 43
000063816960 CON->BASE OK 68 08 20 00 00 00 00 14 3C 43
000063964474 BASE->CON OK 68 0C A0 00 00 00 00 9E 00 00 00 00 4A 43
000064184471 BASE->CON OK 68 0C A0 00 00 00 00 9E 00 00 00 00 4A 43
000064404469 BASE->CON OK 68 0C A0 00 00 00 00 9E 00 00 00 00 4A 43
000064624467 BASE->CON OK 68 0C A0 00 00 00 00 9E 00 00 00 00 4A 43
000064844465 BASE->CON OK 68 0C A0 00 00 00 00 9E 00 00 00 00 4A 43
000065064463 BASE->CON OK 68 0C A0 00 00 00 00 9E 00 00 00 00 4A 43
000065070295 CON->BASE OK 68 08 20 00 00 00 00 14 3C 43
000065070704 CON->BASE OK 68 08 20 00 00 00 00 14 3C 43
000065071074 CON->BASE OK 68 08 20 00 00 00 00 14 3C 43
000065074594 CON->BASE OK 68 08 20 00 00 00 00 14 3C 43
000065079542 CON->BASE OK 68 08 20 00 00 00 00 14 3C 43
000065084490 CON->BASE OK 68 08 20 00 00 00 00 14 3C 43
000065089438 CON->BASE OK 68 08 20 00 00 00 00 14 3C 43
000065284460 BASE->CON OK 68 0C A0 00 00 00 00 9E 00 00 00 00 4A 43
000065504458 BASE->CON OK 68 0C A0 00 00 00 00 9E 00 00 00 00 4A 43
000065724456 BASE->CON OK 68 0C A0 00 00 00 00 9E 00 00 00 00 4A 43
000065944454 BASE->CON OK 68 0C A0 00 00 00 00 9E 00 00 00 00 4A 43
000066143615 CON->BASE OK 68 08 20 00 00 00 00 14 3C 43
000066144025 CON->BASE OK 68 08 20 00 00 00 00 14 3C 43
000066144398 CON->BASE OK 68 08 20 00 00 00 00 14 3C 43
000066147673 CON->BASE OK 68 08 20 00 00 00 00 14 3C 43
000066152621 CON->BASE OK 68 08 20 00 00 00 00 14 3C 43
000066157569 CON->BASE OK 68 08 20 00 00 00 00 14 3C 43
000066164452 BASE->CON OK 68 0C A0 00 00 00 00 9E 00 00 00 00 4A 43
000066323602 CON->BASE OK 68 08 20 00 00 00 00 14 3C 43
000066384449 BASE->CON OK 68 0C A0 00 00 00 00 9E 00 00 00 00 4A 43
000066604447 BASE->CON OK 68 0C A0 00 00 00 00 9E 00 00 00 00 4A 43
000066824445 BASE->CON OK 68 0C A0 00 00 00 00 9E 00 00 00 00 4A 43
000067044443 BASE->CON OK 68 0C A0 00 00 00 00 9E 00 00 00 00 4A 43
000067264441 BASE->CON OK 68 0C A0 00 00 00 00 9E 00 00 00 00 4A 43
000067484438 BASE->CON OK 68 0C A0 00 00 00 00 9E 00 00 00 00 4A 43
000067576936 CON->BASE OK 68 08 20 00 00 00 00 14 3C 43
000067577342 CON->BASE OK 68 08 20 00 00 00 00 14 3C 43
000067577715 CON->BASE OK 68 08 20 00 00 00 00 14 3C 43
000067580990 CON->BASE OK 68 08 20 00 00 00 00 14 3C 43
000067585938 CON->BASE OK 68 08 20 00 00 00 00 14 3C 43
000067590886 CON->BASE OK 68 08 20 00 00 00 00 14 3C 43
000067595834 CON->BASE OK 68 08 20 00 00 00 00 14 3C 43
000067704436 BASE->CON OK 68 0C A0 00 00 00 00 9E 00 00 00 00 4A 43
000067756921 CON->BASE OK 68 08 20 00 00 00 00 14 3C 43
000067924434 BASE->CON OK 68 0C A0 00 00 00 00 9E 00 00 00 00 4A 43
000068144432 BASE->CON OK 68 0C A0 00 00 00 00 9E 00 00 00 00 4A 43
000068364430 BASE->CON OK 68 0C A0 00 00 00 00 9E 00 00 00 00 4A 43
000068584427 BASE->CON OK 68 0C A0 00 00 00 00 9E 00 00 00 00 4A 43
000068804425 BASE->CON OK 68 0C A0 00 00 00 00 9E 00 00 00 00 4A 43
000068830255 CON->BASE OK 68 08 20 00 00 00 00 14 3C 43
000068830660 CON->BASE OK 68 08 20 00 00 00 00 14 3C 43
000068831034 CON->BASE OK 68 08 20 00 00 00 00 14 3C 43
000068834309 CON->BASE OK 68 08 20 00 00 00 00 14 3C 43
000068839257 CON->BASE OK 68 08 20 00 00 00 00 14 3C 43
000068844205 CON->BASE OK 68 08 20 00 00 00 00 14 3C 43
000069010242 CON->BASE OK 68 08 20 00 00 00 00 14 3C 43
000069024423 BASE->CON OK 68 0C A0 00 00 00 00 9E 00 00 00 00 4A 43
000069190240 CON->BASE OK 68 08 20 00 00 00 00 14 3C 43
000069244421 BASE->CON OK 68 0C A0 00 00 00 00 9E 00 00 00 00 4A 43
000069464419 BASE->CON OK 68 0C A0 00 00 00 00 9E 00 00 00 00 4A 43
000069684417 BASE->CON OK 68 0C A0 00 00 00 00 9E 00 00 00 00 4A 43
000069897748 BASE->CON OK 68 0C A0 00 00 00 00 9E 00 00 00 00 4A 43
000070117745 BASE->CON OK 68 0C A0 00 00 00 00 9E 00 00 00 00 4A 43
000070263574 CON->BASE OK 68 08 20 00 00 00 00 14 3C 43
000070263987 CON->BASE OK 68 08 20 00 00 00 00 14 3C 43
000070264360 CON->BASE OK 68 08 20 00 00 00 00 14 3C 43
000070267635 CON->BASE OK 68 08 20 00 00 00 00 14 3C 43
000070272583 CON->BASE OK 68 08 20 00 00 00 00 14 3C 43
000070277531 CON->BASE OK 68 08 20 00 00 00 00 14 3C 43
000070337743 BASE->CON OK 68 0C A0 00 00 00 00 9E 00 00 00 00 4A 43
000070443561 CON->BASE OK 68 08 20 00 00 00 00 14 3C 43
000070557741 BASE->CON OK 68 0C A0 00 00 00 00 9E 00 00 00 00 4A 43
000070777739 BASE->CON OK 68 0C A0 00 00 00 00 9E 00 00 00 00 4A 43
000070997737 BASE->CON OK 68 0C A0 00 00 00 00 9E 00 00 00 00 4A 43
000071217734 BASE->CON OK 68 0C A0 00 00 00 00 9E 00 00 00 00 4A 43
000071437732 BASE->CON OK 68 0C A0 00 00 00 00 9E 00 00 00 00 4A 43
000071516894 CON->BASE OK 68 08 20 00 00 00 00 14 3C 43
000071517304 CON->BASE OK 68 08 20 00 00 00 00 14 3C 43
000071517674 CON->BASE OK 68 08 20 00 00 00 00 14 3C 43
000071520953 CON->BASE OK 68 08 20 00 00 00 00 14 3C 43
000071525900 CON->BASE OK 68 08 20 00 00 00 00 14 3C 43
000071530848 CON->BASE OK 68 08 20 00 00 00 00 14 3C 43
000071657730 BASE->CON OK 68 0C A0 00 00 00 00 9E 00 00 00 00 4A 43
000071696882 CON->BASE OK 68 08 20 00 00 00 00 14 3C 43
000071876880 CON->BASE OK 68 08 20 00 00 00 00 14 3C 43
000071877728 BASE->CON OK 68 0C A0 00 00 00 00 9E 00 00 00 00 4A 43
000072097726 BASE->CON OK 68 0C A0 00 00 00 00 9E 00 00 00 00 4A 43
000072317723 BASE->CON OK 68 0C A0 00 00 00 00 9E 00 00 00 00 4A 43
000072537721 BASE->CON OK 68 0C A0 00 00 00 00 9E 00 00 00 00 4A 43
000072757719 BASE->CON OK 68 0C A0 00 00 00 00 9E 00 00 00 00 4A 43
000072950213 CON->BASE OK 68 08 20 00 00 00 00 14 3C 43
000072950623 CON->BASE OK 68 08 20 00 00 00 00 14 3C 43
000072950993 CON->BASE OK 68 08 20 00 00 00 00 14 3C 43
000072954272 CON->BASE OK 68 08 20 00 00 00 00 14 3C 43
000072959219 CON->BASE OK 68 08 20 00 00 00 00 14 3C 43
000072964167 CON->BASE OK 68 08 20 00 00 00 00 14 3C 43
000072977717 BASE->CON OK 68 0C A0 00 00 00 00 9E 00 00 00 00 4A 43
000073130201 CON->BASE OK 68 08 20 00 00 00 00 14 3C 43
000073197715 BASE->CON OK 68 0C A0 00 00 00 00 9E 00 00 00 00 4A 43
000073310199 CON->BASE OK 68 08 20 00 00 00 00 14 3C 43
000073417712 BASE->CON OK 68 0C A0 00 00 00 00 9E 00 00 00 00 4A 43
000073637710 BASE->CON OK 68 0C A0 00 00 00 00 9E 00 00 00 00 4A 43
000073857708 BASE->CON OK 68 0C A0 00 00 00 00 9E 00 00 00 00 4A 43
000074077706 BASE->CON OK 68 0C A0 00 00 00 00 9E 00 00 00 00 4A 43
000074297704 BASE->CON OK 68 0C A0 00 00 00 00 9E 00 00 00 00 4A 43
000074383533 CON->BASE OK 68 08 20 00 00 00 00 14 3C 43
000074383947 CON->BASE OK 68 08 20 00 00 00 00 14 3C 43
000074384321 CON->BASE OK 68 08 20 00 00 00 00 14 3C 43
000074387596 CON->BASE OK 68 08 20 00 00 00 00 14 3C 43
000074392543 CON->BASE OK 68 08 20 00 00 00 00 14 3C 43
000074397491 CON->BASE OK 68 08 20 00 00 00 00 14 3C 43
000074517701 BASE->CON OK 68 0C A0 00 00 00 00 9E 00 00 00 00 4A 43
000074563520 CON->BASE OK 68 08 20 00 00 00 00 14 3C 43
000074737699 BASE->CON OK 68 0C A0 00 00 00 00 9E 00 00 00 00 4A 43
000074957697 BASE->CON OK 68 0C A0 00 00 00 00 9E 00 00 00 00 4A 43
000075177695 BASE->CON OK 68 0C A0 00 00 00 00 9E 00 00 00 00 4A 43
000075397693 BASE->CON OK 68 0C A0 00 00 00 00 9E 00 00 00 00 4A 43
000075617690 BASE->CON OK 68 0C A0 00 00 00 00 9E 00 00 00 00 4A 43
000075816854 CON->BASE OK 68 08 20 00 00 00 00 14 3C 43
000075817263 CON->BASE OK 68 08 20 00 00 00 00 14 3C 43
000075817633 CON->BASE OK 68 08 20 00 00 00 00 14 3C 43
000075820912 CON->BASE OK 68 08 20 00 00 00 00 14 3C 43
000075825860 CON->BASE OK 68 08 20 00 00 00 00 14 3C 43
000075830808 CON->BASE OK 68 08 20 00 00 00 00 14 3C 43
000075835755 CON->BASE OK 68 08 20 00 00 00 00 14 3C 43
000075837684 BASE->CON OK 68 0C A0 00 00 00 00 9E 00 00 00 00 4A 43
000075996827 CON->BASE OK 68 08 20 00 00 00 00 14 3C 43
000076057686 BASE->CON OK 68 0C A0 00 00 00 00 9E 00 00 00 00 4A 43
000076277684 BASE->CON OK 68 0C A0 00 00 00 00 9E 00 00 00 00 4A 43
000076497682 BASE->CON OK 68 0C A0 00 00 00 00 9E 00 00 00 00 4A 43
000076717679 BASE->CON OK 68 0C A0 00 00 00 00 9E 00 00 00 00 4A 43
000076937677 BASE->CON OK 68 0C A0 00 00 00 00 9E 00 00 00 00 4A 43
000077070172 CON->BASE OK 68 08 20 00 00 00 00 14 3C 43
000077070578 CON->BASE OK 68 08 20 00 00 00 00 14 3C 43
000077070952 CON->BASE OK 68 08 20 00 00 00 00 14 3C 43
000077074227 CON->BASE OK 68 08 20 00 00 00 00 14 3C 43
000077079174 CON->BASE OK 68 08 20 00 00 00 00 14 3C 43
000077084122 CON->BASE OK 68 08 20 00 00 00 00 14 3C 43
000077157675 BASE->CON OK 68 0C A0 00 00 00 00 9E 00 00 00 00 4A 43
000077250160 CON->BASE OK 68 08 20 00 00 00 00 14 3C 43
000077377673 BASE->CON OK 68 0C A0 00 00 00 00 9E 00 00 00 00 4A 43
000077430158 CON->BASE OK 68 08 20 00 00 00 00 14 3C 43
000077597671 BASE->CON OK 68 0C A0 00 00 00 00 9E 00 00 00 00 4A 43
000077817668 BASE->CON OK 68 0C A0 00 00 00 00 9E 00 00 00 00 4A 43
000078037666 BASE->CON OK 68 0C A0 00 00 00 00 9E 00 00 00 00 4A 43
000078257664 BASE->CON OK 68 0C A0 00 00 00 00 9E 00 00 00 00 4A 43
000078477662 BASE->CON OK 68 0C A0 00 00 00 00 9E 00 00 00 00 4A 43
000078503492 CON->BASE OK 68 08 20 00 00 00 00 14 3C 43
000078503901 CON->BASE OK 68 08 20 00 00 00 00 14 3C 43
000078504271 CON->BASE OK 68 08 20 00 00 00 00 14 3C 43
000078507550 CON->BASE OK 68 08 20 00 00 00 00 14 3C 43
000078512498 CON->BASE OK 68 08 20 00 00 00 00 14 3C 43
000078517446 CON->BASE OK 68 08 20 00 00 00 00 14 3C 43
000078683479 CON->BASE OK 68 08 20 00 00 00 00 14 3C 43
000078697660 BASE->CON OK 68 0C A0 00 00 00 00 9E 00 00 00 00 4A 43
000078863477 CON->BASE OK 68 08 20 00 00 00 00 14 3C 43
000078917657 BASE->CON OK 68 0C A0 00 00 00 00 9E 00 00 00 00 4A 43
000079137655 BASE->CON OK 68 0C A0 00 00 00 00 9E 00 00 00 00 4A 43
000079357653 BASE->CON OK 68 0C A0 00 00 00 00 9E 00 00 00 00 4A 43
000079577651 BASE->CON OK 68 0C A0 00 00 00 00 9E 00 00 00 00 4A 43
000079797649 BASE->CON OK 68 0C A0 00 00 00 00 9E 00 00 00 00 4A 43
000079936810 CON->BASE OK 68 08 20 00 00 00 00 14 3C 43
000079937220 CON->BASE OK 68 08 20 00 00 00 00 14 3C 43
000079937589 CON->BASE OK 68 08 20 00 00 00 00 14 3C 43
000079940869 CON->BASE OK 68 08 20 00 00 00 00 14 3C 43
000079945816 CON->BASE OK 68 08 20 00 00 00 00 14 3C 43
000079950764 CON->BASE OK 68 08 20 00 00 00 00 14 3C 43
000080017646 BASE->CON OK 68 0C A0 00 00 00 00 9E 00 00 00 00 4A 43
000080116798 CON->BASE OK 68 08 20 00 00 00 00 14 3C 43
000080237644 BASE->CON OK 68 0C A0 00 00 00 00 9E 00 00 00 00 4A 43
000080296796 CON->BASE OK 68 08 20 00 00 00 00 14 3C 43
000080457642 BASE->CON OK 68 0C A0 00 00 00 00 9E 00 00 00 00 4A 43
000080677640 BASE->CON OK 68 0C A0 00 00 00 00 9E 00 00 00 00 4A 43
000080897638 BASE->CON OK 68 0C A0 00 00 00 00 9E 00 00 00 00 4A 43
000081117635 BASE->CON OK 68 0C A0 00 00 00 00 9E 00 00 00 00 4A 43
000081337633 BASE->CON OK 68 0C A0 00 00 00 00 9E 00 00 00 00 4A 43
000081370129 CON->BASE OK 68 08 20 00 00 00 00 14 3C 43
000081370535 CON->BASE OK 68 08 20 00 00 00 00 14 3C 43
000081370909 CON->BASE OK 68 08 20 00 00 00 00 14 3C 43
000081374184 CON->BASE OK 68 08 20 00 00 00 00 14 3C 43
000081379131 CON->BASE OK 68 08 20 00 00 00 00 14 3C 43
000081384079 CON->BASE OK 68 08 20 00 00 00 00 14 3C 43
000081550117 CON->BASE OK 68 08 20 00 00 00 00 14 3C 43
000081557631 BASE->CON OK 68 0C A0 00 00 00 00 9E 00 00 00 00 4A 43
000081777629 BASE->CON OK 68 0C A0 00 00 00 00 9E 00 00 00 00 4A 43
000081997627 BASE->CON OK 68 0C A0 00 00 00 00 9E 00 00 00 00 4A 43
000082217624 BASE->CON OK 68 0C A0 00 00 00 00 9E 00 00 00 00 4A 43
000082437622 BASE->CON OK 68 0C A0 00 00 00 00 9E 00 00 00 00 4A 43
000082657620 BASE->CON OK 68 0C A0 00 00 00 00 9E 00 00 00 00 4A 43
000082803450 CON->BASE OK 68 08 20 00 00 00 00 14 3C 43
000082803860 CON->BASE OK 68 08 20 00 00 00 00 14 3C 43
000082804230 CON->BASE OK 68 08 20 00 00 00 00 14 3C 43
000082807509 CON->BASE OK 68 08 20 00 00 00 00 14 3C 43
000082812456 CON->BASE OK 68 08 20 00 00 00 00 14 3C 43
000082817404 CON->BASE OK 68 08 20 00 00 00 00 14 3C 43
000082822352 CON->BASE OK 68 08 20 00 00 00 00 14 3C 43
000082877618 BASE->CON OK 68 0C A0 00 00 00 00 9E 00 00 00 00 4A 43
000082983436 CON->BASE OK 68 08 20 00 00 00 00 14 3C 43
000083097616 BASE->CON OK 68 0C A0 00 00 00 00 9E 00 00 00 00 4A 43
000083317613 BASE->CON OK 68 0C A0 00 00 00 00 9E 00 00 00 00 4A 43
000083537611 BASE->CON OK 68 0C A0 00 00 00 00 9E 00 00 00 00 4A 43
000083757609 BASE->CON OK 68 0C A0 00 00 00 00 9E 00 00 00 00 4A 43
000083977607 BASE->CON OK 68 0C A0 00 00 00 00 9E 00 00 00 00 4A 43
000084056769 CON->BASE OK 68 08 20 00 00 00 00 14 3C 43
000084057179 CON->BASE OK 68 08 20 00 00 00 00 14 3C 43
000084057548 CON->BASE OK 68 08 20 00 00 00 00 14 3C 43
000084060827 CON->BASE OK 68 08 20 00 00 00 00 14 3C 43
000084065775 CON->BASE OK 68 08 20 00 00 00 00 14 3C 43
000084070723 CON->BASE OK 68 08 20 00 00 00 00 14 3C 43
000084197605 BASE->CON OK 68 0C A0 00 00 00 00 9E 00 00 00 00 4A 43
000084236756 CON->BASE OK 68 08 20 00 00 00 00 14 3C 43
000084416755 CON->BASE OK 68 08 20 00 00 00 00 14 3C 43
000084417602 BASE->CON OK 68 0C A0 00 00 00 00 9E 00 00 00 00 4A 43
000084637600 BASE->CON OK 68 0C A0 00 00 00 00 9E 00 00 00 00 4A 43
000084857598 BASE->CON OK 68 0C A0 00 00 00 00 9E 00 00 00 00 4A 43
000085077596 BASE->CON OK 68 0C A0 00 00 00 00 9E 00 00 00 00 4A 43
000085297594 BASE->CON OK 68 0C A0 00 00 00 00 9E 00 00 00 00 4A 43
000085490088 CON->BASE OK 68 08 20 00 00 00 00 14 3C 43
000085490498 CON->BASE OK 68 08 20 00 00 00 00 14 3C 43
000085490867 CON->BASE OK 68 08 20 00 00 00 00 14 3C 43
000085494146 CON->BASE OK 68 08 20 00 00 00 00 14 3C 43
000085499094 CON->BASE OK 68 08 20 00 00 00 00 14 3C 43
000085504042 CON->BASE OK 68 08 20 00 00 00 00 14 3C 43
000085517591 BASE->CON OK 68 0C A0 00 00 00 00 9E 00 00 00 00 4A 43
000085670075 CON->BASE OK 68 08 20 00 00 00 00 14 3C 43
000085737589 BASE->CON OK 68 0C A0 00 00 00 00 9E 00 00 00 00 4A 43
000085850074 CON->BASE OK 68 08 20 00 00 00 00 14 3C 43
000085957587 BASE->CON OK 68 0C A0 00 00 00 00 9E 00 00 00 00 4A 43
000086177585 BASE->CON OK 68 0C A0 00 00 00 00 9E 00 00 00 00 4A 43
000086397583 BASE->CON OK 68 0C A0 00 00 00 00 9E 00 00 00 00 4A 43
000086617580 BASE->CON OK 68 0C A0 00 00 00 00 9E 00 00 00 00 4A 43
000086837578 BASE->CON OK 68 0C A0 00 00 00 00 9E 00 00 00 00 4A 43
000086923407 CON->BASE OK 68 08 20 00 00 00 00 14 3C 43
000086923813 CON->BASE OK 68 08 20 00 00 00 00 14 3C 43
000086924186 CON->BASE OK 68 08 20 00 00 00 00 14 3C 43
000086927461 CON->BASE OK 68 08 20 00 00 00 00 14 3C 43
000086932409 CON->BASE OK 68 08 20 00 00 00 00 14 3C 43
000086937357 CON->BASE OK 68 08 20 00 00 00 00 14 3C 43
000087057576 BASE->CON OK 68 0C A0 00 00 00 00 9E 00 00 00 00 4A 43
000087103394 CON->BASE OK 68 08 20 00 00 00 00 14 3C 43
000087277574 BASE->CON OK 68 0C A0 00 00 00 00 9E 00 00 00 00 4A 43
000087283393 CON->BASE OK 68 08 20 00 00 00 00 14 3C 43
000087497572 BASE->CON OK 68 0C A0 00 00 00 00 9E 00 00 00 00 4A 43
000087717569 BASE->CON OK 68 0C A0 00 00 00 00 9E 00 00 00 00 4A 43
000087937567 BASE->CON OK 68 0C A0 00 00 00 00 9E 00 00 00 00 4A 43
000088157565 BASE->CON OK 68 0C A0 00 00 00 00 9E 00 00 00 00 4A 43
000088356726 CON->BASE OK 68 08 20 00 00 00 00 14 3C 43
000088357132 CON->BASE OK 68 08 20 00 00 00 00 14 3C 43
000088357505 CON->BASE OK 68 08 20 00 00 00 00 14 3C 43
000088360780 CON->BASE OK 68 08 20 00 00 00 00 14 3C 43
000088365728 CON->BASE OK 68 08 20 00 00 00 00 14 3C 43
000088370676 CON->BASE OK 68 08 20 00 00 00 00 14 3C 43
000088377563 BASE->CON OK 68 0C A0 00 00 00 00 9E 00 00 00 00 4A 43
000088536713 CON->BASE OK 68 08 20 00 00 00 00 14 3C 43
000088597561 BASE->CON OK 68 0C A0 00 00 00 00 9E 00 00 00 00 4A 43
000088817558 BASE->CON OK 68 0C A0 00 00 00 00 9E 00 00 00 00 4A 43
000089037556 BASE->CON OK 68 0C A0 00 00 00 00 9E 00 00 00 00 4A 43
000089257554 BASE->CON OK 68 0C A0 00 00 00 00 9E 00 00 00 00 4A 43
000089477552 BASE->CON OK 68 0C A0 00 00 00 00 9E 00 00 00 00 4A 43
000089697550 BASE->CON OK 68 0C A0 00 00 00 00 9E 00 00 00 00 4A 43
000089790047 CON->BASE OK 68 08 20 00 00 00 00 14 3C 43
000089790453 CON->BASE OK 68 08 20 00 00 00 00 14 3C 43
000089790827 CON->BASE OK 68 08 20 00 00 00 00 14 3C 43
000089794102 CON->BASE OK 68 08 20 00 00 00 00 14 3C 43
000089799049 CON->BASE OK 68 08 20 00 00 00 00 14 3C 43
000089803997 CON->BASE OK 68 08 20 00 00 00 00 14 3C 43
000089808945 CON->BASE OK 68 08 20 00 00 00 00 14 3C 43
000089917547 BASE->CON OK 68 0C A0 00 00 00 00 9E 00 00 00 00 4A 43
000090137545 BASE->CON OK 68 0C A0 00 00 00 00 9E 00 00 00 00 4A 43
000090357543 BASE->CON OK 68 0C A0 00 00 00 00 9E 00 00 00 00 4A 43
000090577541 BASE->CON OK 68 0C A0 00 00 00 00 9E 00 00 00 00 4A 43
000090797539 BASE->CON OK 68 0C A0 00 00 00 00 9E 00 00 00 00 4A 43
000091017536 BASE->CON OK 68 0C A0 00 00 00 00 9E 00 00 00 00 4A 43
000091043368 CON->BASE OK 68 08 20 00 00 00 00 14 3C 43
000091043778 CON->BASE OK 68 08 20 00 00 00 00 14 3C 43
000091044148 CON->BASE OK 68 08 20 00 00 00 00 14 3C 43
000091047427 CON->BASE OK 68 08 20 00 00 00 00 14 3C 43
000091052375 CON->BASE OK 68 08 20 00 00 00 00 14 3C 43
000091057323 CON->BASE OK 68 08 20 00 00 00 00 14 3C 43
000091062270 CON->BASE OK 68 08 20 00 00 00 00 14 3C 43
000091223353 CON->BASE OK 68 08 20 00 00 00 00 14 3C 43
000091237534 BASE->CON OK 68 0C A0 00 00 00 00 9E 00 00 00 00 4A 43
000091457532 BASE->CON OK 68 0C A0 00 00 00 00 9E 00 00 00 00 4A 43
000091677530 BASE->CON OK 68 0C A0 00 00 00 00 9E 00 00 00 00 4A 43
000091897528 BASE->CON OK 68 0C A0 00 00 00 00 9E 00 00 00 00 4A 43
000092117525 BASE->CON OK 68 0C A0 00 00 00 00 9E 00 00 00 00 4A 43
000092296687 CON->BASE OK 68 08 20 00 00 00 00 14 3C 43
000092297092 CON->BASE OK 68 08 20 00 00 00 00 14 3C 43
000092297466 CON->BASE OK 68 08 20 00 00 00 00 14 3C 43
000092300741 CON->BASE OK 68 08 20 00 00 00 00 14 3C 43
000092305689 CON->BASE OK 68 08 20 00 00 00 00 14 3C 43
000092310637 CON->BASE OK 68 08 20 00 00 00 00 14 3C 43
000092337523 BASE->CON OK 68 0C A0 00 00 00 00 9E 00 00 00 00 4A 43
000092476674 CON->BASE OK 68 08 20 00 00 00 00 14 3C 43
000092557521 BASE->CON OK 68 0C A0 00 00 00 00 9E 00 00 00 00 4A 43
000092656672 CON->BASE OK 68 08 20 00 00 00 00 14 3C 43
000092777519 BASE->CON OK 68 0C A0 00 00 00 00 9E 00 00 00 00 4A 43
000092997517 BASE->CON OK 68 0C A0 00 00 00 00 9E 00 00 00 00 4A 43
000093217514 BASE->CON OK 68 0C A0 00 00 00 00 9E 00 00 00 00 4A 43
000093437512 BASE->CON OK 68 0C A0 00 00 00 00 9E 00 00 00 00 4A 43
000093657510 BASE->CON OK 68 0C A0 00 00 00 00 9E 00 00 00 00 4A 43
000093730006 CON->BASE OK 68 08 20 00 00 00 00 14 3C 43
000093730415 CON->BASE OK 68 08 20 00 00 00 00 14 3C 43
000093730785 CON->BASE OK 68 08 20 00 00 00 00 14 3C 43
000093734064 CON->BASE OK 68 08 20 00 00 00 00 14 3C 43
000093739012 CON->BASE OK 68 08 20 00 00 00 00 14 3C 43
000093743959 CON->BASE OK 68 08 20 00 00 00 00 14 3C 43
000093877508 BASE->CON OK 68 0C A0 00 00 00 00 9E 00 00 00 00 4A 43
000093909993 CON->BASE OK 68 08 20 00 00 00 00 14 3C 43
000094089991 CON->BASE OK 68 08 20 00 00 00 00 14 3C 43
000094097506 BASE->CON OK 68 0C A0 00 00 00 00 9E 00 00 00 00 4A 43
000094317503 BASE->CON OK 68 0C A0 00 00 00 00 9E 00 00 00 00 4A 43
000094537501 BASE->CON OK 68 0C A0 00 00 00 00 9E 00 00 00 00 4A 43
000094757499 BASE->CON OK 68 0C A0 00 00 00 00 9E 00 00 00 00 4A 43
000094977497 BASE->CON OK 68 0C A0 00 00 00 00 9E 00 00 00 00 4A 43
000095163325 CON->BASE OK 68 08 20 00 00 00 00 14 3C 43
000095163734 CON->BASE OK 68 08 20 00 00 00 00 14 3C 43
000095164104 CON->BASE OK 68 08 20 00 00 00 00 14 3C 43
000095167383 CON->BASE OK 68 08 20 00 00 00 00 14 3C 43
000095172331 CON->BASE OK 68 08 20 00 00 00 00 14 3C 43
000095177279 CON->BASE OK 68 08 20 00 00 00 00 14 3C 43
000095190828 BASE->CON OK 68 0C A0 00 00 00 00 9E 00 00 00 00 4A 43
000095343312 CON->BASE OK 68 08 20 00 00 00 00 14 3C 43
000095410826 BASE->CON OK 68 0C A0 00 00 00 00 9E 00 00 00 00 4A 43
000095523310 CON->BASE OK 68 08 20 00 00 00 00 14 3C 43
000095630824 BASE->CON OK 68 0C A0 00 00 00 00 9E 00 00 00 00 4A 43
000095850821 BASE->CON OK 68 0C A0 00 00 00 00 9E 00 00 00 00 4A 43
000096070819 BASE->CON OK 68 0C A0 00 00 00 00 9E 00 00 00 00 4A 43
000096290817 BASE->CON OK 68 0C A0 00 00 00 00 9E 00 00 00 00 4A 43
000096510815 BASE->CON OK 68 0C A0 00 00 00 00 9E 00 00 00 00 4A 43
000096596644 CON->BASE OK 68 08 20 00 00 00 00 14 3C 43
000096597049 CON->BASE OK 68 08 20 00 00 00 00 14 3C 43
000096597423 CON->BASE OK 68 08 20 00 00 00 00 14 3C 43
000096600698 CON->BASE OK 68 08 20 00 00 00 00 14 3C 43
000096605646 CON->BASE OK 68 08 20 00 00 00 00 14 3C 43
000096610594 CON->BASE OK 68 08 20 00 00 00 00 14 3C 43
000096730813 BASE->CON OK 68 0C A0 00 00 00 00 9E 00 00 00 00 4A 43
000096776631 CON->BASE OK 68 08 20 00 00 00 00 14 3C 43
000096950810 BASE->CON OK 68 0C A0 00 00 00 00 9E 00 00 00 00 4A 43
000096956629 CON->BASE OK 68 08 20 00 00 00 00 14 3C 43
000097170808 BASE->CON OK 68 0C A0 00 00 00 00 9E 00 00 00 00 4A 43
000097390806 BASE->CON OK 68 0C A0 00 00 00 00 9E 00 00 00 00 4A 43
000097610804 BASE->CON OK 68 0C A0 00 00 00 00 9E 00 00 00 00 4A 43
000097830802 BASE->CON OK 68 0C A0 00 00 00 00 9E 00 00 00 00 4A 43
000098029963 CON->BASE OK 68 08 20 00 00 00 00 14 3C 43
000098030368 CON->BASE OK 68 08 20 00 00 00 00 14 3C 43
000098030742 CON->BASE OK 68 08 20 00 00 00 00 14 3C 43
000098034017 CON->BASE OK 68 08 20 00 00 00 00 14 3C 43
000098038965 CON->BASE OK 68 08 20 00 00 00 00 14 3C 43
000098043913 CON->BASE OK 68 08 20 00 00 00 00 14 3C 43
000098050799 BASE->CON OK 68 0C A0 00 00 00 00 9E 00 00 00 00 4A 43
000098209950 CON->BASE OK 68 08 20 00 00 00 00 14 3C 43
000098270797 BASE->CON OK 68 0C A0 00 00 00 00 9E 00 00 00 00 4A 43
000098389948 CON->BASE OK 68 08 20 00 00 00 00 14 3C 43
000098490795 BASE->CON OK 68 0C A0 00 00 00 00 9E 00 00 00 00 4A 43
000098710793 BASE->CON OK 68 0C A0 00 00 00 00 9E 00 00 00 00 4A 43
000098930791 BASE->CON OK 68 0C A0 00 00 00 00 9E 00 00 00 00 4A 43
000099150788 BASE->CON OK 68 0C A0 00 00 00 00 9E 00 00 00 00 4A 43
000099370786 BASE->CON OK 68 0C A0 00 00 00 00 9E 00 00 00 00 4A 43
000099463282 CON->BASE OK 68 08 20 00 00 00 00 14 3C 43
000099463699 CON->BASE OK 68 08 20 00 00 00 00 14 3C 43
000099464068 CON->BASE OK 68 08 20 00 00 00 00 14 3C 43
000099467340 CON->BASE OK 68 08 20 00 00 00 00 14 3C 43
000099472288 CON->BASE OK 68 08 20 00 00 00 00 14 3C 43
000099477236 CON->BASE OK 68 08 20 00 00 00 00 14 3C 43
000099590784 BASE->CON OK 68 0C A0 00 00 00 00 9E 00 00 00 00 4A 43
000099643269 CON->BASE OK 68 08 20 00 00 00 00 14 3C 43
000099810782 BASE->CON OK 68 0C A0 00 00 00 00 9E 00 00 00 00 4A 43
000099823267 CON->BASE OK 68 08 20 00 00 00 00 14 3C 43
000100030780 BASE->CON OK 68 0C A0 00 00 00 00 9E 00 00 00 00 4A 43
000100250777 BASE->CON OK 68 0C A0 00 00 00 00 9E 00 00 00 00 4A 43
000100470775 BASE->CON OK 68 0C A0 00 00 00 00 9E 00 00 00 00 4A 43
000100690773 BASE->CON OK 68 0C A0 00 00 00 00 9E 00 00 00 00 4A 43
000100896601 CON->BASE OK 68 08 20 00 00 00 00 14 3C 43
000100897011 CON->BASE OK 68 08 20 00 00 00 00 14 3C 43
000100897382 CON->BASE OK 68 08 20 00 00 00 00 14 3C 43
000100900660 CON->BASE OK 68 08 20 00 00 00 00 14 3C 43
000100905608 CON->BASE OK 68 08 20 00 00 00 00 14 3C 43
000100910556 CON->BASE OK 68 08 20 00 00 00 00 14 3C 43
000100910767 BASE->CON OK 68 0C A0 00 00 00 00 9E 00 00 00 00 4A 43
000101076588 CON->BASE OK 68 08 20 00 00 00 00 14 3C 43
000101130769 BASE->CON OK 68 0C A0 00 00 00 00 9E 00 00 00 00 4A 43
000101256586 CON->BASE OK 68 08 20 00 00 00 00 14 3C 43
000101350766 BASE->CON OK 68 0C A0 00 00 00 00 9E 00 00 00 00 4A 43
000101570764 BASE->CON OK 68 0C A0 00 00 00 00 9E 00 00 00 00 4A 43
000101790762 BASE->CON OK 68 0C A0 00 00 00 00 9E 00 00 00 00 4A 43
000102010760 BASE->CON OK 68 0C A0 00 00 00 00 9E 00 00 00 00 4A 43
000102230758 BASE->CON OK 68 0C A0 00 00 00 00 9E 00 00 00 00 4A 43
000102329920 CON->BASE OK 68 08 20 00 00 00 00 14 3C 43
000102330330 CON->BASE OK 68 08 20 00 00 00 00 14 3C 43
000102330701 CON->BASE OK 68 08 20 00 00 00 00 14 3C 43
000102333979 CON->BASE OK 68 08 20 00 00 00 00 14 3C 43
000102338927 CON->BASE OK 68 08 20 00 00 00 00 14 3C 43
000102343875 CON->BASE OK 68 08 20 00 00 00 00 14 3C 43
000102450755 BASE->CON OK 68 0C A0 00 00 00 00 9E 00 00 00 00 4A 43
000102509907 CON->BASE OK 68 08 20 00 00 00 00 14 3C 43
000102670753 BASE->CON OK 68 0C A0 00 00 00 00 9E 00 00 00 00 4A 43
000102689905 CON->BASE OK 68 08 20 00 00 00 00 14 3C 43
000102890751 BASE->CON OK 68 0C A0 00 00 00 00 9E 00 00 00 00 4A 43
000103110749 BASE->CON OK 68 0C A0 00 00 00 00 9E 00 00 00 00 4A 43
000103330747 BASE->CON OK 68 0C A0 00 00 00 00 9E 00 00 00 00 4A 43
000103550744 BASE->CON OK 68 0C A0 00 00 00 00 9E 00 00 00 00 4A 43
000103763244 CON->BASE OK 68 08 20 00 00 00 00 14 3C 43
000103763655 CON->BASE OK 68 08 20 00 00 00 00 14 3C 43
000103764031 CON->BASE OK 68 08 20 00 00 00 00 14 3C 43
000103767303 CON->BASE OK 68 08 20 00 00 00 00 14 3C 43
000103770738 BASE->CON OK 68 0C A0 00 00 00 00 9E 00 00 00 00 4A 43
000103772261 CON->BASE OK 68 08 20 00 00 00 00 14 3C 43
000103783198 CON->BASE OK 68 08 20 00 00 00 00 14 3C 43
000103943231 CON->BASE OK 68 08 20 00 00 00 00 14 3C 43
000103990740 BASE->CON OK 68 0C A0 00 00 00 00 9E 00 00 00 00 4A 43
000104123230 CON->BASE OK 68 08 20 00 00 00 00 14 3C 43
000104210738 BASE->CON OK 68 0C A0 00 00 00 00 9E 00 00 00 00 4A 43
000104430736 BASE->CON OK 68 0C A0 00 00 00 00 9E 00 00 00 00 4A 43
000104650733 BASE->CON OK 68 0C A0 00 00 00 00 9E 00 00 00 00 4A 43
000104870731 BASE->CON OK 68 0C A0 00 00 00 00 9E 00 00 00 00 4A 43
000105090729 BASE->CON OK 68 0C A0 00 00 00 00 9E 00 00 00 00 4A 43
000105196558 CON->BASE OK 68 08 20 00 00 00 00 14 3C 43
000105196968 CON->BASE OK 68 08 20 00 00 00 00 14 3C 43
000105197339 CON->BASE OK 68 08 20 00 00 00 00 14 3C 43
000105200617 CON->BASE OK 68 08 20 00 00 00 00 14 3C 43
000105205565 CON->BASE OK 68 08 20 00 00 00 00 14 3C 43
000105210513 CON->BASE OK 68 08 20 00 00 00 00 14 3C 43
000105310727 BASE->CON OK 68 0C A0 00 00 00 00 9E 00 00 00 00 4A 43
000105376545 CON->BASE OK 68 08 20 00 00 00 00 14 3C 43
000105530725 BASE->CON OK 68 0C A0 00 00 00 00 9E 00 00 00 00 4A 43
000105556543 CON->BASE OK 68 08 20 00 00 00 00 14 3C 43
000105750722 BASE->CON OK 68 0C A0 00 00 00 00 9E 00 00 00 00 4A 43
000105970720 BASE->CON OK 68 0C A0 00 00 00 00 9E 00 00 00 00 4A 43
000106190718 BASE->CON OK 68 0C A0 00 00 00 00 9E 00 00 00 00 4A 43
000106410716 BASE->CON OK 68 0C A0 00 00 00 00 9E 00 00 00 00 4A 43
000106629877 CON->BASE OK 68 08 20 00 00 00 00 14 3C 43
000106630287 CON->BASE OK 68 08 20 00 00 00 00 14 3C 43
000106630693 CON->BASE OK 68 08 20 00 00 00 00 14 3C 43
000106630717 BASE->CON OK 68 0C A0 00 00 00 00 9E 00 00 00 00 4A 43
000106633946 CON->BASE OK 68 08 20 00 00 00 00 14 3C 43
000106644873 CON->BASE OK 68 08 20 00 00 00 00 14 3C 43
000106649821 CON->BASE OK 68 08 20 00 00 00 00 14 3C 43
000106809864 CON->BASE OK 68 08 20 00 00 00 00 14 3C 43
000106850711 BASE->CON OK 68 0C A0 00 00 00 00 9E 00 00 00 00 4A 43
000106989862 CON->BASE OK 68 08 20 00 00 00 00 14 3C 43
000107070709 BASE->CON OK 68 0C A0 00 00 00 00 9E 00 00 00 00 4A 43
000107290707 BASE->CON OK 68 0C A0 00 00 00 00 9E 00 00 00 00 4A 43
000107510705 BASE->CON OK 68 0C A0 00 00 00 00 9E 00 00 00 00 4A 43
000107730703 BASE->CON OK 68 0C A0 00 00 00 00 9E 00 00 00 00 4A 43
000107950700 BASE->CON OK 68 0C A0 00 00 00 00 9E 00 00 00 00 4A 43
000108063204 CON->BASE OK 68 08 20 00 00 00 00 14 3C 43
000108063614 CON->BASE OK 68 08 20 00 00 00 00 14 3C 43
000108063989 CON->BASE OK 68 08 20 00 00 00 00 14 3C 43
000108067263 CON->BASE OK 68 08 20 00 00 00 00 14 3C 43
000108072211 CON->BASE OK 68 08 20 00 00 00 00 14 3C 43
000108077159 CON->BASE OK 68 08 20 00 00 00 00 14 3C 43
000108170698 BASE->CON OK 68 0C A0 00 00 00 00 9E 00 00 00 00 4A 43
000108243192 CON->BASE OK 68 08 20 00 00 00 00 14 3C 43
000108390696 BASE->CON OK 68 0C A0 00 00 00 00 9E 00 00 00 00 4A 43
000108423190 CON->BASE OK 68 08 20 00 00 00 00 14 3C 43
000108610694 BASE->CON OK 68 0C A0 00 00 00 00 9E 00 00 00 00 4A 43
000108830692 BASE->CON OK 68 0C A0 00 00 00 00 9E 00 00 00 00 4A 43
000109050689 BASE->CON OK 68 0C A0 00 00 00 00 9E 00 00 00 00 4A 43
000109270687 BASE->CON OK 68 0C A0 00 00 00 00 9E 00 00 00 00 4A 43
000109490685 BASE->CON OK 68 0C A0 00 00 00 00 9E 00 00 00 00 4A 43
000109676515 CON->BASE OK 68 08 20 00 00 00 00 14 3C 43
000109676922 CON->BASE OK 68 08 20 00 00 00 00 14 3C 43
000109677296 CON->BASE OK 68 08 20 00 00 00 00 14 3C 43
000109680570 CON->BASE OK 68 08 20 00 00 00 00 14 3C 43
000109685518 CON->BASE OK 68 08 20 00 00 00 00 14 3C 43
000109690466 CON->BASE OK 68 08 20 00 00 00 00 14 3C 43
000109695414 CON->BASE OK 68 08 20 00 00 00 00 14 3C 43
000109710683 BASE->CON OK 68 0C A0 00 00 00 00 9E 00 00 00 00 4A 43
000109856500 CON->BASE OK 68 08 20 00 00 00 00 14 3C 43
000109930681 BASE->CON OK 68 0C A0 00 00 00 00 9E 00 00 00 00 4A 43
000110150678 BASE->CON OK 68 0C A0 00 00 00 00 9E 00 00 00 00 4A 43
000110370676 BASE->CON OK 68 0C A0 00 00 00 00 9E 00 00 00 00 4A 43
000110590674 BASE->CON OK 68 0C A0 00 00 00 00 9E 00 00 00 00 4A 43
000110810672 BASE->CON OK 68 0C A0 00 00 00 00 9E 00 00 00 00 4A 43
000111030670 BASE->CON OK 68 0C A0 00 00 00 00 9E 00 00 00 00 4A 43
000111109834 CON->BASE OK 68 08 20 00 00 00 00 14 3C 43
000111110245 CON->BASE OK 68 08 20 00 00 00 00 14 3C 43
000111110616 CON->BASE OK 68 08 20 00 00 00 00 14 3C 43
000111113893 CON->BASE OK 68 08 20 00 00 00 00 14 3C 43
000111118841 CON->BASE OK 68 08 20 00 00 00 00 14 3C 43
000111123789 CON->BASE OK 68 08 20 00 00 00 00 14 3C 43
000111128737 CON->BASE OK 68 08 20 00 00 00 00 14 3C 43
000111250667 BASE->CON OK 68 0C A0 00 00 00 00 9E 00 00 00 00 4A 43
000111289819 CON->BASE OK 68 08 20 00 00 00 00 14 3C 43
000111470665 BASE->CON OK 68 0C A0 00 00 00 00 9E 00 00 00 00 4A 43
000111690663 BASE->CON OK 68 0C A0 00 00 00 00 9E 00 00 00 00 4A 43
000111910661 BASE->CON OK 68 0C A0 00 00 00 00 9E 00 00 00 00 4A 43
000112130659 BASE->CON OK 68 0C A0 00 00 00 00 9E 00 00 00 00 4A 43
000112350656 BASE->CON OK 68 0C A0 00 00 00 00 9E 00 00 00 00 4A 43
000112543153 CON->BASE OK 68 08 20 00 00 00 00 14 3C 43
000112543572 CON->BASE OK 68 08 20 00 00 00 00 14 3C 43
000112543953 CON->BASE OK 68 08 20 00 00 00 00 14 3C 43
000112547221 CON->BASE OK 68 08 20 00 00 00 00 14 3C 43
000112552169 CON->BASE OK 68 08 20 00 00 00 00 14 3C 43
000112557117 CON->BASE OK 68 08 20 00 00 00 00 14 3C 43
000112562064 CON->BASE OK 68 08 20 00 00 00 00 14 3C 43
000112570654 BASE->CON OK 68 0C A0 00 00 00 00 9E 00 00 00 00 4A 43
000112723138 CON->BASE OK 68 08 20 00 00 00 00 14 3C 43
000112790652 BASE->CON OK 68 0C A0 00 00 00 00 9E 00 00 00 00 4A 43
000113010650 BASE->CON OK 68 0C A0 00 00 00 00 9E 00 00 00 00 4A 43
000113230648 BASE->CON OK 68 0C A0 00 00 00 00 9E 00 00 00 00 4A 43
000113450645 BASE->CON OK 68 0C A0 00 00 00 00 9E 00 00 00 00 4A 43
000113670643 BASE->CON OK 68 0C A0 00 00 00 00 9E 00 00 00 00 4A 43
000113890641 BASE->CON OK 68 0C A0 00 00 00 00 9E 00 00 00 00 4A 43
000113976472 CON->BASE OK 68 08 20 00 00 00 00 14 3C 43
000113976879 CON->BASE OK 68 08 20 00 00 00 00 14 3C 43
000113977253 CON->BASE OK 68 08 20 00 00 00 00 14 3C 43
000113980527 CON->BASE OK 68 08 20 00 00 00 00 14 3C 43
000113985475 CON->BASE OK 68 08 20 00 00 00 00 14 3C 43
000113990423 CON->BASE OK 68 08 20 00 00 00 00 14 3C 43
000113995371 CON->BASE OK 68 08 20 00 00 00 00 14 3C 43
000114110639 BASE->CON OK 68 0C A0 00 00 00 00 9E 00 00 00 00 4A 43
000114156457 CON->BASE OK 68 08 20 00 00 00 00 14 3C 43
000114330637 BASE->CON OK 68 0C A0 00 00 00 00 9E 00 00 00 00 4A 43
000114550634 BASE->CON OK 68 0C A0 00 00 00 00 9E 00 00 00 00 4A 43
000114770632 BASE->CON OK 68 0C A0 00 00 00 00 9E 00 00 00 00 4A 43
000114990630 BASE->CON OK 68 0C A0 00 00 00 00 9E 00 00 00 00 4A 43
000115210628 BASE->CON OK 68 0C A0 00 00 00 00 9E 00 00 00 00 4A 43
000115229791 CON->BASE OK 68 08 20 00 00 00 00 14 3C 43
000115230198 CON->BASE OK 68 08 20 00 00 00 00 14 3C 43
000115230573 CON->BASE OK 68 08 20 00 00 00 00 14 3C 43
000115233846 CON->BASE OK 68 08 20 00 00 00 00 14 3C 43
000115238794 CON->BASE OK 68 08 20 00 00 00 00 14 3C 43
000115243742 CON->BASE OK 68 08 20 00 00 00 00 14 3C 43
000115409778 CON->BASE OK 68 08 20 00 00 00 00 14 3C 43
000115430626 BASE->CON OK 68 0C A0 00 00 00 00 9E 00 00 00 00 4A 43
000115589776 CON->BASE OK 68 08 20 00 00 00 00 14 3C 43
000115650623 BASE->CON OK 68 0C A0 00 00 00 00 9E 00 00 00 00 4A 43
000115870621 BASE->CON OK 68 0C A0 00 00 00 00 9E 00 00 00 00 4A 43
000116090619 BASE->CON OK 68 0C A0 00 00 00 00 9E 00 00 00 00 4A 43
000116310617 BASE->CON OK 68 0C A0 00 00 00 00 9E 00 00 00 00 4A 43
000116530615 BASE->CON OK 68 0C A0 00 00 00 00 9E 00 00 00 00 4A 43
000116663110 CON->BASE OK 68 08 20 00 00 00 00 14 3C 43
000116663524 CON->BASE OK 68 08 20 00 00 00 00 14 3C 43
000116663901 CON->BASE OK 68 08 20 00 00 00 00 14 3C 43
000116667173 CON->BASE OK 68 08 20 00 00 00 00 14 3C 43
000116672121 CON->BASE OK 68 08 20 00 00 00 00 14 3C 43
000116677069 CON->BASE OK 68 08 20 00 00 00 00 14 3C 43
000116750612 BASE->CON OK 68 0C A0 00 00 00 00 9E 00 00 00 00 4A 43
000116843097 CON->BASE OK 68 08 20 00 00 00 00 14 3C 43
000116970610 BASE->CON OK 68 0C A0 00 00 00 00 9E 00 00 00 00 4A 43
000117023095 CON->BASE OK 68 08 20 00 00 00 00 14 3C 43
000117190608 BASE->CON OK 68 0C A0 00 00 00 00 9E 00 01 00 00 4B 43
000117410606 BASE->CON OK 68 0C A0 00 00 00 00 9E 00 00 00 00 4A 43
000117630604 BASE->CON OK 68 0C A0 00 00 00 00 9E 00 00 00 00 4A 43
000117850601 BASE->CON OK 68 0C A0 00 00 00 00 9E 00 00 00 00 4A 43
000118070599 BASE->CON OK 68 0C A0 00 00 00 00 9E 00 00 00 00 4A 43
000118096429 CON->BASE OK 68 08 20 00 00 00 00 14 3C 43
000118096839 CON->BASE OK 68 08 20 00 00 00 00 14 3C 43
000118097210 CON->BASE OK 68 08 20 00 00 00 00 14 3C 43
000118100488 CON->BASE OK 68 08 20 00 00 00 00 14 3C 43
000118105436 CON->BASE OK 68 08 20 00 00 00 00 14 3C 43
000118110384 CON->BASE OK 68 08 20 00 00 00 00 14 3C 43
000118276416 CON->BASE OK 68 08 20 00 00 00 00 14 3C 43
000118290597 BASE->CON OK 68 0C A0 00 00 00 00 9E 00 00 00 00 4A 43
000118456414 CON->BASE OK 68 08 20 00 00 00 00 14 3C 43
000118510595 BASE->CON OK 68 0C A0 00 00 00 00 9E 00 00 00 00 4A 43
000118730593 BASE->CON OK 68 0C A0 00 00 00 00 9E 00 00 00 00 4A 43
000118950590 BASE->CON OK 68 0C A0 00 00 00 00 9E 00 00 00 00 4A 43
000119170588 BASE->CON OK 68 0C A0 00 00 00 00 9E 00 00 00 00 4A 43
000119390586 BASE->CON OK 68 0C A0 00 00 00 00 9E 00 00 00 00 4A 43
000119610584 BASE->CON OK 68 0C A0 00 00 00 00 9E 00 00 00 00 4A 43
000119709748 CON->BASE OK 68 08 20 00 00 00 00 14 3C 43
000119710155 CON->BASE OK 68 08 20 00 00 00 00 14 3C 43
000119710529 CON->BASE OK 68 08 20 00 00 00 00 14 3C 43
000119713803 CON->BASE OK 68 08 20 00 00 00 00 14 3C 43
000119718751 CON->BASE OK 68 08 20 00 00 00 00 14 3C 43
000119723706 CON->BASE OK 68 08 20 00 00 00 00 14 3C 43
000119728647 CON->BASE OK 68 08 20 00 00 00 00 14 3C 43
000119830582 BASE->CON OK 68 0C A0 00 00 00 00 9E 00 00 00 00 4A 43
000119889733 CON->BASE OK 68 08 20 00 00 00 00 14 3C 43
000120050579 BASE->CON OK 68 0C A0 00 00 00 00 9E 00 00 00 00 4A 43
000120270577 BASE->CON OK 68 0C A0 00 00 00 00 9E 00 00 00 00 4A 43
000120490575 BASE->CON OK 68 0C A0 00 00 00 00 9E 00 00 00 00 4A 43
000120710573 BASE->CON OK 68 0C A0 00 00 00 00 9E 00 00 00 00 4A 43
000120930571 BASE->CON OK 68 0C A0 00 00 00 00 9E 00 00 00 00 4A 43
000121143067 CON->BASE OK 68 08 20 00 00 00 00 14 3C 43
000121143481 CON->BASE OK 68 08 20 00 00 00 00 14 3C 43
000121143856 CON->BASE OK 68 08 20 00 00 00 00 14 3C 43
000121147130 CON->BASE OK 68 08 20 00 00 00 00 14 3C 43
000121150564 BASE->CON OK 68 0C A0 00 00 00 00 9E 00 00 00 00 4A 43
000121152088 CON->BASE OK 68 08 20 00 00 00 00 14 3C 43
000121163015 CON->BASE OK 68 08 20 00 00 00 00 14 3C 43
000121167963 CON->BASE OK 68 08 20 00 00 00 00 14 3C 43
000121323052 CON->BASE OK 68 08 20 00 00 00 00 14 3C 43
000121370566 BASE->CON OK 68 0C A0 00 00 00 00 9E 00 00 00 00 4A 43
000121503050 CON->BASE OK 68 08 20 00 00 00 00 14 3C 43
000121590564 BASE->CON OK 68 0C A0 00 00 00 00 9E 00 00 00 00 4A 43
000121810562 BASE->CON OK 68 0C A0 00 00 00 00 9E 00 00 00 00 4A 43
000122030560 BASE->CON OK 68 0C A0 00 00 00 00 9E 00 00 00 00 4A 43
000122250557 BASE->CON OK 68 0C A0 00 00 00 00 9E 00 00 00 00 4A 43
000122470555 BASE->CON OK 68 0C A0 00 00 00 00 9E 00 00 00 00 4A 43
000122690553 BASE->CON OK 68 0C A0 00 00 00 00 9E 00 00 00 00 4A 43
000122756384 CON->BASE OK 68 08 20 00 00 00 00 14 3C 43
000122756791 CON->BASE OK 68 08 20 00 00 00 00 14 3C 43
000122757166 CON->BASE OK 68 08 20 00 00 00 00 14 3C 43
000122760440 CON->BASE OK 68 08 20 00 00 00 00 14 3C 43
000122765388 CON->BASE OK 68 08 20 00 00 00 00 14 3C 43
000122770336 CON->BASE OK 68 08 20 00 00 00 00 14 3C 43
000122775283 CON->BASE OK 68 08 20 00 00 00 00 14 3C 43
000122910551 BASE->CON OK 68 0C A0 00 00 00 00 9E 00 00 00 00 4A 43
000122936369 CON->BASE OK 68 08 20 00 00 00 00 14 3C 43
000123130549 BASE->CON OK 68 0C A0 00 00 00 00 9E 00 00 00 00 4A 43
000123350546 BASE->CON OK 68 0C A0 00 00 00 00 9E 00 00 00 00 4A 43

